Mu1	MuPrime1	freq
1.21367757	1.01879095	100000000
1.24171474	1.02407017	110000000
1.26962141	1.03034416	120000000
1.29739862	1.03776344	130000000
1.32506498	1.04649391	140000000
1.35264314	1.05671577	150000000
1.38015216	1.06862239	160000000
1.40760395	1.08241871	170000000
1.43500221	1.09831953	180000000
1.46234292	1.11654734	190000000
1.48961548	1.13732995	200000000
1.51680416	1.16089798	210000000
1.54388957	1.18748216	220000000
1.57084996	1.21731072	230000000
1.59766236	1.25060683	240000000
1.62430345	1.2875862	250000000
1.65075028	1.32845486	260000000
1.67698071	1.37340687	270000000
1.70297382	1.42262195	280000000
1.72871001	1.47626239	290000000
1.7541712	1.53446886	300000000
1.7793407	1.59735412	310000000
1.80420324	1.66499342	320000000
1.82874476	1.73740966	330000000
1.85295225	1.81455058	340000000
1.87681355	1.89625347	350000000
1.90031707	1.98219075	360000000
1.92345149	2.07178581	370000000
1.9462055	2.16408304	380000000
1.96856741	2.25754913	390000000
1.9905248	2.3497792	400000000
2.01206412	2.43709876	410000000
2.03317024	2.51414452	420000000
2.05382593	2.57377704	430000000
2.07401137	2.60813767	440000000
2.09370348	2.61160498	450000000
2.11287524	2.58436811	460000000
2.13149494	2.53294353	470000000
2.14952522	2.46664867	480000000
2.16692214	2.39372851	490000000
2.18363398	2.31981566	500000000
2.1996	2.24817015	510000000
2.214749	2.18043047	520000000
2.22899779	2.11726433	530000000
2.24224964	2.05880106	540000000
2.25439266	2.00489004	550000000
2.26529849	1.95524742	560000000
2.27482134	1.90953683	570000000
2.28279792	1.86741256	580000000
2.28904871	1.82854164	590000000
2.29338129	1.79261424	600000000
2.29559648	1.75934758	610000000
2.29549788	1.72848656	620000000
2.29290528	1.69980255	630000000
2.28767133	1.67309138	640000000
2.27969995	1.64817103	650000000
2.26896353	1.62487928	660000000
2.25551534	1.60307153	670000000
2.23949357	1.58261872	680000000
2.22111531	1.56340551	690000000
2.20066107	1.54532866	700000000
2.17845298	1.52829558	710000000
2.15483102	1.51222307	720000000
2.13013134	1.49703624	730000000
2.1046694	1.48266752	740000000
2.07872885	1.46905584	750000000
2.05255595	1.45614586	760000000
2.02635818	1.4438874	770000000
2.00030585	1.4322348	780000000
1.97453551	1.42114647	790000000
1.9491541	1.41058448	800000000
1.92424335	1.4005141	810000000
1.89986391	1.39090357	820000000
1.87605915	1.38172372	830000000
1.85285841	1.37294776	840000000
1.8302798	1.36455102	850000000
1.80833249	1.35651078	860000000
1.78701868	1.34880603	870000000
1.76633511	1.34141737	880000000
1.74627434	1.33432683	890000000
1.72682575	1.32751776	900000000
1.7079764	1.32097469	910000000
1.68971161	1.31468324	920000000
1.67201555	1.30863003	930000000
1.65487158	1.3028026	940000000
1.63826263	1.29718932	950000000
1.6221714	1.29177932	960000000
1.60658059	1.28656245	970000000
1.59147304	1.28152921	980000000
1.57683182	1.27667068	990000000
1.56264038	1.27197853	1e+09
1.54888253	1.2674449	1.01e+09
1.53554257	1.26306243	1.02e+09
1.52260523	1.2588242	1.03e+09
1.51005579	1.25472368	1.04e+09
1.49787999	1.25075472	1.05e+09
1.48606412	1.24691153	1.06e+09
1.47459496	1.24318866	1.07e+09
1.46345981	1.23958092	1.08e+09
1.45264644	1.23608344	1.09e+09
1.44214313	1.23269161	1.1e+09
1.43193862	1.22940105	1.11e+09
1.4220221	1.22620762	1.12e+09
1.41238321	1.22310741	1.13e+09
1.40301201	1.22009669	1.14e+09
1.39389898	1.21717192	1.15e+09
1.38503498	1.21432976	1.16e+09
1.37641125	1.211567	1.17e+09
1.36801939	1.20888063	1.18e+09
1.35985136	1.20626776	1.19e+09
1.35189944	1.20372563	1.2e+09
1.34415622	1.20125164	1.21e+09
1.3366146	1.19884328	1.22e+09
1.32926779	1.19649818	1.23e+09
1.32210924	1.19421406	1.24e+09
1.31513269	1.19198877	1.25e+09
1.30833212	1.18982023	1.26e+09
1.30170176	1.18770646	1.27e+09
1.29523607	1.18564558	1.28e+09
1.28892973	1.18363576	1.29e+09
1.28277761	1.18167529	1.3e+09
1.27677481	1.17976249	1.31e+09
1.27091661	1.17789579	1.32e+09
1.26519846	1.17607366	1.33e+09
1.25961601	1.17429464	1.34e+09
1.25416505	1.17255734	1.35e+09
1.24884154	1.17086039	1.36e+09
1.24364161	1.16920253	1.37e+09
1.23856152	1.1675825	1.38e+09
1.23359765	1.16599912	1.39e+09
1.22874656	1.16445125	1.4e+09
1.22400489	1.16293777	1.41e+09
1.21936943	1.16145764	1.42e+09
1.21483708	1.16000983	1.43e+09
1.21040486	1.15859336	1.44e+09
1.20606988	1.15720729	1.45e+09
1.20182936	1.15585071	1.46e+09
1.19768062	1.15452273	1.47e+09
1.19362108	1.15322251	1.48e+09
1.18964824	1.15194924	1.49e+09
1.18575968	1.15070212	1.5e+09
1.1819531	1.1494804	1.51e+09
1.17822622	1.14828334	1.52e+09
1.17457689	1.14711022	1.53e+09
1.17100301	1.14596036	1.54e+09
1.16750256	1.1448331	1.55e+09
1.16407356	1.14372779	1.56e+09
1.16071412	1.14264381	1.57e+09
1.15742242	1.14158056	1.58e+09
1.15419669	1.14053746	1.59e+09
1.15103519	1.13951393	1.6e+09
1.14793628	1.13850943	1.61e+09
1.14489835	1.13752343	1.62e+09
1.14191985	1.1365554	1.63e+09
1.13899926	1.13560486	1.64e+09
1.13613513	1.13467131	1.65e+09
1.13332604	1.13375427	1.66e+09
1.13057063	1.13285329	1.67e+09
1.12786757	1.13196791	1.68e+09
1.12521557	1.1310977	1.69e+09
1.12261338	1.13024224	1.7e+09
1.1200598	1.1294011	1.71e+09
1.11755365	1.12857389	1.72e+09
1.1150938	1.1277602	1.73e+09
1.11267913	1.12695965	1.74e+09
1.11030858	1.12617187	1.75e+09
1.10798112	1.12539647	1.76e+09
1.10569572	1.12463311	1.77e+09
1.10345141	1.12388142	1.78e+09
1.10124724	1.12314105	1.79e+09
1.09908228	1.12241166	1.8e+09
1.09695563	1.12169292	1.81e+09
1.09486643	1.12098449	1.82e+09
1.09281382	1.12028605	1.83e+09
1.09079699	1.11959727	1.84e+09
1.08881512	1.11891784	1.85e+09
1.08686744	1.11824743	1.86e+09
1.0849532	1.11758574	1.87e+09
1.08307165	1.11693245	1.88e+09
1.08122208	1.11628726	1.89e+09
1.0794038	1.11564986	1.9e+09
1.07761612	1.11501995	1.91e+09
1.07585839	1.11439721	1.92e+09
1.07412996	1.11378134	1.93e+09
1.07243021	1.11317204	1.94e+09
1.07075853	1.112569	1.95e+09
1.06911432	1.11197191	1.96e+09
1.06749702	1.11138045	1.97e+09
1.06590605	1.1107943	1.98e+09
1.06434087	1.11021316	1.99e+09
1.06280095	1.10963668	2e+09
