freq_Hz	dB(S11)	dB(S12)	dB(S21)	dB(S22)	mu	muprima	nf(2)	nfmin
100000000	-0.005140	-71.363890	-6.481346	-7.685613	1.635735	1.000387	18.628178	0.892895
110000000	-0.007071	-69.192039	-5.227382	-8.290770	1.665655	1.000522	17.442549	0.893813
120000000	-0.009426	-67.253029	-4.140711	-8.842840	1.691582	1.000685	16.397095	0.894816
130000000	-0.012247	-65.502500	-3.188042	-9.347346	1.714628	1.000879	15.465654	0.895903
140000000	-0.015577	-63.907033	-2.344458	-9.809355	1.735601	1.001107	14.628303	0.897074
150000000	-0.019460	-62.440951	-1.590926	-10.233433	1.755073	1.001373	13.869611	0.898329
160000000	-0.023942	-61.084180	-0.912649	-10.623658	1.773432	1.001679	13.177455	0.899665
170000000	-0.029066	-59.820787	-0.297935	-10.983653	1.790939	1.002029	12.542183	0.901083
180000000	-0.034882	-58.637948	0.262584	-11.316636	1.807762	1.002427	11.956022	0.902581
190000000	-0.041435	-57.525218	0.776516	-11.625459	1.824005	1.002877	11.412639	0.904158
200000000	-0.048774	-56.473990	1.250108	-11.912656	1.839732	1.003383	10.906826	0.905814
210000000	-0.056950	-55.477099	1.688548	-12.180478	1.854975	1.003947	10.434257	0.907547
220000000	-0.066012	-54.528526	2.096187	-12.430927	1.869753	1.004575	9.991309	0.909357
230000000	-0.076012	-53.623172	2.476704	-12.665790	1.884072	1.005270	9.574925	0.911241
240000000	-0.087005	-52.756678	2.833234	-12.886661	1.897933	1.006036	9.182503	0.913200
250000000	-0.099045	-51.925296	3.168473	-13.094963	1.911336	1.006877	8.811813	0.915231
260000000	-0.112192	-51.125778	3.484747	-13.291974	1.924280	1.007798	8.460936	0.917335
270000000	-0.126504	-50.355296	3.784082	-13.478837	1.936764	1.008804	8.128203	0.919508
280000000	-0.142045	-49.611369	4.068245	-13.656578	1.948790	1.009898	7.812162	0.921751
290000000	-0.158882	-48.891811	4.338791	-13.826121	1.960360	1.011086	7.511536	0.924061
300000000	-0.177086	-48.194689	4.597087	-13.988293	1.971480	1.012373	7.225201	0.926438
310000000	-0.196730	-47.518283	4.844345	-14.143841	1.982155	1.013764	6.952163	0.928881
320000000	-0.217894	-46.861058	5.081639	-14.293435	1.992394	1.015266	6.691533	0.931387
330000000	-0.240662	-46.221640	5.309926	-14.437676	2.002207	1.016884	6.442522	0.933956
340000000	-0.265123	-45.598793	5.530057	-14.577104	2.011602	1.018624	6.204419	0.936586
350000000	-0.291375	-44.991406	5.742794	-14.712200	2.020593	1.020495	5.976583	0.939275
360000000	-0.319519	-44.398473	5.948818	-14.843392	2.029191	1.022503	5.758438	0.942024
370000000	-0.349666	-43.819085	6.148736	-14.971059	2.037408	1.024657	5.549458	0.944829
380000000	-0.381933	-43.252417	6.343093	-15.095531	2.045258	1.026965	5.349166	0.947690
390000000	-0.416448	-42.697722	6.532377	-15.217091	2.052753	1.029437	5.157127	0.950605
400000000	-0.453345	-42.154321	6.717023	-15.335979	2.059906	1.032082	4.972940	0.953573
410000000	-0.492772	-41.621595	6.897417	-15.452391	2.066730	1.034912	4.796238	0.956592
420000000	-0.534885	-41.098984	7.073904	-15.566476	2.073238	1.037939	4.626683	0.959662
430000000	-0.579852	-40.585979	7.246790	-15.678339	2.079443	1.041175	4.463963	0.962780
440000000	-0.627856	-40.082118	7.416343	-15.788040	2.085357	1.044634	4.307787	0.965946
450000000	-0.679092	-39.586984	7.582797	-15.895588	2.090992	1.048331	4.157885	0.969157
460000000	-0.733770	-39.100199	7.746355	-16.000942	2.096360	1.052283	4.014006	0.972413
470000000	-0.792116	-38.621425	7.907190	-16.104009	2.101471	1.056506	3.875915	0.975712
480000000	-0.854373	-38.150358	8.065448	-16.204638	2.106336	1.061021	3.743392	0.979053
490000000	-0.920802	-37.686731	8.221246	-16.302619	2.110967	1.065848	3.616229	0.982435
500000000	-0.991687	-37.230305	8.374678	-16.397678	2.115373	1.071009	3.494231	0.985855
510000000	-1.067330	-36.780874	8.525813	-16.489475	2.119563	1.076530	3.377214	0.989314
520000000	-1.148057	-36.338261	8.674695	-16.577601	2.123547	1.082437	3.265003	0.992809
530000000	-1.234221	-35.902317	8.821349	-16.661576	2.127333	1.088759	3.157433	0.996340
540000000	-1.326199	-35.472919	8.965773	-16.740845	2.130930	1.095529	3.054345	0.999904
550000000	-1.424398	-35.049972	9.107949	-16.814782	2.134346	1.102780	2.955589	1.003502
560000000	-1.529258	-34.633407	9.247834	-16.882692	2.137588	1.110551	2.861023	1.007131
570000000	-1.641249	-34.223175	9.385366	-16.943813	2.140664	1.118884	2.770508	1.010790
580000000	-1.760881	-33.819257	9.520464	-16.997327	2.143580	1.127824	2.683912	1.014479
590000000	-1.888701	-33.421653	9.653028	-17.042371	2.146344	1.137420	2.601108	1.018196
600000000	-2.025299	-33.030387	9.782936	-17.078051	2.148960	1.147726	2.521976	1.021939
610000000	-2.171310	-32.645503	9.910053	-17.103464	2.151436	1.158803	2.446396	1.025709
620000000	-2.327420	-32.267068	10.034222	-17.117719	2.153776	1.170715	2.374255	1.029503
630000000	-2.494369	-31.895166	10.155274	-17.119967	2.155987	1.183535	2.305443	1.033321
640000000	-2.672956	-31.529902	10.273020	-17.109428	2.158072	1.197341	2.239854	1.037161
650000000	-2.864044	-31.171395	10.387260	-17.085425	2.160038	1.212220	2.177385	1.041023
660000000	-3.068571	-30.819783	10.497781	-17.047414	2.161888	1.228267	2.117935	1.044906
670000000	-3.287550	-30.475215	10.604357	-16.995013	2.163626	1.245589	2.061408	1.048808
680000000	-3.522086	-30.137853	10.706755	-16.928024	2.165258	1.264301	2.007709	1.052728
690000000	-3.773382	-29.807869	10.804732	-16.846456	2.166786	1.284532	1.956746	1.056667
700000000	-4.042754	-29.485442	10.898042	-16.750532	2.168215	1.306424	1.908429	1.060622
710000000	-4.331647	-29.170755	10.986436	-16.640689	2.169547	1.330137	1.862672	1.064593
720000000	-4.641656	-28.863995	11.069664	-16.517578	2.170787	1.355845	1.819389	1.068579
730000000	-4.974550	-28.565346	11.147480	-16.382037	2.171938	1.383744	1.778498	1.072579
740000000	-5.332301	-28.274988	11.219645	-16.235078	2.173001	1.414052	1.739919	1.076593
750000000	-5.717129	-27.993094	11.285929	-16.077851	2.173981	1.447012	1.703572	1.080619
760000000	-6.131547	-27.719826	11.346112	-15.911611	2.174880	1.482897	1.669382	1.084657
770000000	-6.578429	-27.455333	11.399994	-15.737686	2.175700	1.522012	1.637273	1.088706
780000000	-7.061095	-27.199744	11.447391	-15.557442	2.176443	1.564702	1.607174	1.092765
790000000	-7.583421	-26.953170	11.488142	-15.372248	2.177113	1.611353	1.579012	1.096834
800000000	-8.149990	-26.715699	11.522110	-15.183448	2.177712	1.662400	1.552719	1.100911
810000000	-8.766291	-26.487391	11.549186	-14.992336	2.178240	1.718337	1.528228	1.104997
820000000	-9.439000	-26.268282	11.569289	-14.800134	2.178701	1.779719	1.505473	1.109091
830000000	-10.176357	-26.058376	11.582369	-14.607980	2.179096	1.847173	1.484391	1.113191
840000000	-10.988718	-25.857646	11.588408	-14.416911	2.179427	1.921404	1.464919	1.117298
850000000	-11.889346	-25.666036	11.587421	-14.227859	2.179695	2.003194	1.446997	1.121410
860000000	-12.895574	-25.483458	11.579454	-14.041649	2.179903	2.093404	1.430566	1.125528
870000000	-14.030557	-25.309792	11.564587	-13.858994	2.180051	2.192950	1.415570	1.129650
880000000	-15.325908	-25.144891	11.542929	-13.680502	2.180141	2.302744	1.401953	1.133776
890000000	-16.825534	-24.988576	11.514618	-13.506675	2.180175	2.423572	1.389661	1.137906
900000000	-18.590266	-24.840644	11.479823	-13.337919	2.180153	2.555819	1.378643	1.142039
910000000	-20.697689	-24.700866	11.438734	-13.174548	2.180076	2.698875	1.368847	1.146174
920000000	-23.200349	-24.568995	11.391567	-13.016793	2.179947	2.849899	1.360226	1.150312
930000000	-25.843686	-24.444760	11.338556	-12.864809	2.179766	3.001297	1.352731	1.154451
940000000	-27.172762	-24.327878	11.279952	-12.718684	2.179534	3.136330	1.346318	1.158592
950000000	-25.745043	-24.218051	11.216020	-12.578444	2.179252	3.225374	1.340941	1.162733
960000000	-23.213257	-24.114973	11.147036	-12.444065	2.178921	3.235801	1.336559	1.166875
970000000	-20.881359	-24.018328	11.073283	-12.315477	2.178541	3.162532	1.333130	1.171017
980000000	-18.943129	-23.927798	10.995052	-12.192572	2.178114	3.035421	1.330615	1.175159
990000000	-17.337536	-23.843064	10.912631	-12.075211	2.177640	2.888424	1.328975	1.179300
1000000000	-15.987626	-23.763806	10.826313	-11.963229	2.177121	2.741803	1.328175	1.183440
1010000000	-14.833969	-23.689708	10.736385	-11.856442	2.176556	2.604417	1.328179	1.187578
1020000000	-13.833672	-23.620459	10.643131	-11.754648	2.175946	2.479179	1.328954	1.191715
1030000000	-12.955732	-23.555756	10.546830	-11.657637	2.175292	2.366360	1.330466	1.195850
1040000000	-12.177337	-23.495303	10.447752	-11.565188	2.174595	2.265174	1.332686	1.199983
1050000000	-11.481329	-23.438812	10.346158	-11.477078	2.173854	2.174485	1.335584	1.204113
1060000000	-10.854527	-23.386010	10.242299	-11.393081	2.173071	2.093103	1.339132	1.208241
1070000000	-10.286611	-23.336630	10.136416	-11.312972	2.172246	2.019915	1.343303	1.212365
1080000000	-9.769351	-23.290419	10.028740	-11.236530	2.171379	1.953918	1.348073	1.216486
1090000000	-9.296087	-23.247138	9.919489	-11.163537	2.170471	1.894237	1.353416	1.220603
1100000000	-8.861352	-23.206557	9.808869	-11.093780	2.169522	1.840109	1.359311	1.224717
1110000000	-8.460605	-23.168460	9.697075	-11.027053	2.168533	1.790876	1.365735	1.228827
1120000000	-8.090028	-23.132643	9.584289	-10.963157	2.167503	1.745971	1.372670	1.232932
1130000000	-7.746387	-23.098914	9.470684	-10.901902	2.166432	1.704902	1.380095	1.237033
1140000000	-7.426912	-23.067093	9.356420	-10.843103	2.165322	1.667246	1.387994	1.241130
1150000000	-7.129215	-23.037012	9.241644	-10.786588	2.164173	1.632633	1.396349	1.245221
1160000000	-6.851225	-23.008513	9.126496	-10.732190	2.162984	1.600743	1.405147	1.249308
1170000000	-6.591129	-22.981449	9.011104	-10.679751	2.161756	1.571297	1.414372	1.253389
1180000000	-6.347337	-22.955684	8.895586	-10.629122	2.160489	1.544049	1.424012	1.257466
1190000000	-6.118442	-22.931090	8.780050	-10.580162	2.159183	1.518785	1.434055	1.261537
1200000000	-5.903197	-22.907551	8.664598	-10.532738	2.157838	1.495315	1.444491	1.265602
1210000000	-5.700491	-22.884957	8.549320	-10.486725	2.156454	1.473471	1.455310	1.269661
1220000000	-5.509329	-22.863208	8.434301	-10.442006	2.155032	1.453107	1.466503	1.273715
1230000000	-5.328819	-22.842211	8.319617	-10.398469	2.153571	1.434089	1.478064	1.277763
1240000000	-5.158155	-22.821881	8.205338	-10.356012	2.152071	1.416301	1.489986	1.281804
1250000000	-4.996612	-22.802139	8.091526	-10.314537	2.150533	1.399637	1.502265	1.285840
1260000000	-4.843531	-22.782913	7.978238	-10.273954	2.148956	1.384004	1.514894	1.289869
1270000000	-4.698314	-22.764137	7.865525	-10.234178	2.147341	1.369317	1.527873	1.293891
1280000000	-4.560416	-22.745749	7.753434	-10.195129	2.145687	1.355501	1.541198	1.297907
1290000000	-4.429340	-22.727696	7.642005	-10.156734	2.143994	1.342487	1.554868	1.301917
1300000000	-4.304633	-22.709925	7.531275	-10.118924	2.142263	1.330214	1.568883	1.305920
1310000000	-4.185877	-22.692392	7.421276	-10.081635	2.140493	1.318625	1.583244	1.309916
1320000000	-4.072690	-22.675054	7.312037	-10.044807	2.138683	1.307670	1.597952	1.313905
1330000000	-3.964720	-22.657872	7.203582	-10.008384	2.136835	1.297302	1.613010	1.317887
1340000000	-3.861645	-22.640813	7.095934	-9.972315	2.134948	1.287481	1.628421	1.321862
1350000000	-3.763164	-22.623846	6.989110	-9.936551	2.133021	1.278166	1.644189	1.325830
1360000000	-3.669002	-22.606941	6.883127	-9.901048	2.131055	1.269324	1.660319	1.329791
1370000000	-3.578903	-22.590074	6.777997	-9.865766	2.129049	1.260922	1.676818	1.333745
1380000000	-3.492631	-22.573221	6.673732	-9.830665	2.127004	1.252931	1.693691	1.337691
1390000000	-3.409966	-22.556364	6.570340	-9.795709	2.124918	1.245325	1.710947	1.341630
1400000000	-3.330705	-22.539482	6.467829	-9.760867	2.122792	1.238077	1.728593	1.345562
1410000000	-3.254657	-22.522560	6.366202	-9.726108	2.120626	1.231166	1.746639	1.349486
1420000000	-3.181646	-22.505584	6.265463	-9.691403	2.118419	1.224571	1.765094	1.353403
1430000000	-3.111508	-22.488541	6.165615	-9.656727	2.116172	1.218271	1.783969	1.357312
1440000000	-3.044088	-22.471420	6.066656	-9.622056	2.113883	1.212250	1.803274	1.361214
1450000000	-2.979245	-22.454212	5.968588	-9.587368	2.111553	1.206491	1.823021	1.365108
1460000000	-2.916843	-22.436907	5.871407	-9.552643	2.109181	1.200978	1.843223	1.368994
1470000000	-2.856757	-22.419500	5.775111	-9.517862	2.106767	1.195696	1.863892	1.372873
1480000000	-2.798870	-22.401984	5.679696	-9.483008	2.104311	1.190634	1.885042	1.376744
1490000000	-2.743071	-22.384354	5.585156	-9.448066	2.101813	1.185778	1.906686	1.380607
1500000000	-2.689258	-22.366607	5.491488	-9.413022	2.099272	1.181117	1.928839	1.384463
1510000000	-2.637333	-22.348738	5.398683	-9.377862	2.096688	1.176641	1.951516	1.388311
1520000000	-2.587206	-22.330747	5.306737	-9.342575	2.094060	1.172339	1.974732	1.392151
1530000000	-2.538790	-22.312630	5.215641	-9.307151	2.091389	1.168202	1.998503	1.395983
1540000000	-2.492005	-22.294388	5.125387	-9.271580	2.088674	1.164222	2.022845	1.399807
1550000000	-2.446774	-22.276019	5.035968	-9.235853	2.085914	1.160390	2.047774	1.403624
1560000000	-2.403027	-22.257525	4.947374	-9.199963	2.083110	1.156699	2.073308	1.407432
1570000000	-2.360696	-22.238904	4.859597	-9.163903	2.080261	1.153142	2.099462	1.411233
1580000000	-2.319716	-22.220160	4.772628	-9.127667	2.077366	1.149712	2.126254	1.415025
1590000000	-2.280028	-22.201292	4.686456	-9.091250	2.074426	1.146403	2.153702	1.418810
1600000000	-2.241575	-22.182304	4.601073	-9.054647	2.071439	1.143209	2.181823	1.422587
1610000000	-2.204303	-22.163196	4.516467	-9.017855	2.068407	1.140124	2.210634	1.426356
1620000000	-2.168161	-22.143972	4.432630	-8.980870	2.065327	1.137144	2.240153	1.430117
1630000000	-2.133100	-22.124635	4.349551	-8.943690	2.062201	1.134263	2.270398	1.433870
1640000000	-2.099075	-22.105187	4.267219	-8.906312	2.059027	1.131477	2.301386	1.437615
1650000000	-2.066043	-22.085631	4.185624	-8.868736	2.055806	1.128782	2.333134	1.441352
1660000000	-2.033963	-22.065972	4.104755	-8.830960	2.052536	1.126173	2.365661	1.445081
1670000000	-2.002795	-22.046212	4.024603	-8.792983	2.049218	1.123647	2.398982	1.448802
1680000000	-1.972502	-22.026355	3.945155	-8.754805	2.045851	1.121199	2.433116	1.452515
1690000000	-1.943050	-22.006406	3.866403	-8.716427	2.042436	1.118827	2.468078	1.456220
1700000000	-1.914404	-21.986367	3.788334	-8.677849	2.038970	1.116528	2.503886	1.459917
1710000000	-1.886533	-21.966245	3.710938	-8.639073	2.035456	1.114297	2.540554	1.463606
1720000000	-1.859407	-21.946041	3.634205	-8.600098	2.031891	1.112133	2.578099	1.467287
1730000000	-1.832996	-21.925761	3.558124	-8.560928	2.028276	1.110032	2.616535	1.470960
1740000000	-1.807274	-21.905410	3.482685	-8.521563	2.024610	1.107993	2.655878	1.474625
1750000000	-1.782213	-21.884991	3.407876	-8.482007	2.020894	1.106011	2.696141	1.478282
1760000000	-1.757790	-21.864509	3.333688	-8.442261	2.017126	1.104086	2.737338	1.481931
1770000000	-1.733980	-21.843969	3.260110	-8.402328	2.013308	1.102214	2.779482	1.485572
1780000000	-1.710760	-21.823374	3.187131	-8.362211	2.009437	1.100394	2.822585	1.489205
1790000000	-1.688109	-21.802730	3.114742	-8.321914	2.005516	1.098624	2.866658	1.492830
1800000000	-1.666006	-21.782042	3.042932	-8.281438	2.001542	1.096902	2.911712	1.496447
1810000000	-1.644432	-21.761313	2.971690	-8.240789	1.997516	1.095225	2.957757	1.500056
1820000000	-1.623366	-21.740548	2.901008	-8.199969	1.993438	1.093592	3.004803	1.503657
1830000000	-1.602792	-21.719752	2.830874	-8.158983	1.989307	1.092002	3.052857	1.507250
1840000000	-1.582692	-21.698930	2.761280	-8.117834	1.985125	1.090453	3.101926	1.510834
1850000000	-1.563048	-21.678086	2.692214	-8.076526	1.980889	1.088943	3.152019	1.514411
1860000000	-1.543847	-21.657224	2.623668	-8.035064	1.976601	1.087472	3.203139	1.517980
1870000000	-1.525071	-21.636350	2.555632	-7.993452	1.972261	1.086036	3.255293	1.521541
1880000000	-1.506707	-21.615467	2.488096	-7.951695	1.967868	1.084636	3.308482	1.525094
1890000000	-1.488740	-21.594581	2.421051	-7.909796	1.963423	1.083270	3.362711	1.528639
1900000000	-1.471157	-21.573695	2.354488	-7.867762	1.958925	1.081937	3.417981	1.532176
1910000000	-1.453946	-21.552814	2.288396	-7.825595	1.954375	1.080636	3.474293	1.535706
1920000000	-1.437094	-21.531943	2.222768	-7.783303	1.949772	1.079365	3.531647	1.539227
1930000000	-1.420588	-21.511086	2.157594	-7.740888	1.945118	1.078123	3.590040	1.542740
1940000000	-1.404419	-21.490248	2.092865	-7.698356	1.940412	1.076910	3.649472	1.546245
1950000000	-1.388574	-21.469432	2.028573	-7.655713	1.935654	1.075725	3.709938	1.549742
1960000000	-1.373044	-21.448643	1.964708	-7.612963	1.930845	1.074566	3.771436	1.553232
1970000000	-1.357817	-21.427885	1.901262	-7.570111	1.925986	1.073433	3.833958	1.556713
1980000000	-1.342886	-21.407163	1.838226	-7.527163	1.921075	1.072325	3.897500	1.560187
1990000000	-1.328239	-21.386481	1.775592	-7.484123	1.916115	1.071240	3.962053	1.563653
2000000000	-1.313869	-21.365842	1.713352	-7.440997	1.911105	1.070180	4.027611	1.567110
