freq	dB(S(1,2))
5.00000000000000000E8	-2.66829796694206900E1
5.00999999999999979E8	-2.66673160494966011E1
5.02000000000000046E8	-2.66516432198779318E1
5.02999999999999936E8	-2.66359609162809097E1
5.04000000000000004E8	-2.66202688751133776E1
5.04999999999999982E8	-2.66045668334441299E1
5.06000000000000050E8	-2.65888545289988931E1
5.07000000000000028E8	-2.65731317001255940E1
5.08000000000000007E8	-2.65573980858018910E1
5.08999999999999986E8	-2.65416534256127168E1
5.09999999999999964E8	-2.65258974597217057E1
5.11000000000000032E8	-2.65101299288778103E1
5.12000000000000011E8	-2.64943505743834784E1
5.12999999999999989E8	-2.64785591380884222E1
5.13999999999999968E8	-2.64627553623738487E1
5.15000000000000036E8	-2.64469389901366725E1
5.16000000000000014E8	-2.64311097647698645E1
5.16999999999999993E8	-2.64152674301569368E1
5.17999999999999972E8	-2.63994117306613951E1
5.18999999999999950E8	-2.63835424110865979E1
5.20000000000000018E8	-2.63676592167000878E1
5.20999999999999996E8	-2.63517618931826503E1
5.22000000000000064E8	-2.63358501866380390E1
5.22999999999999954E8	-2.63199238435729965E1
5.24000000000000021E8	-2.63039826108780783E1
5.25000000000000000E8	-2.62880262358136463E1
5.25999999999999979E8	-2.62720544660108990E1
5.27000000000000046E8	-2.62560670494373793E1
5.27999999999999936E8	-2.62400637343928134E1
5.29000000000000004E8	-2.62240442694955300E1
5.29999999999999982E8	-2.62080084036809469E1
5.31000000000000050E8	-2.61919558861534840E1
5.32000000000000028E8	-2.61758864664150126E1
5.33000000000000007E8	-2.61597998942177812E1
5.33999999999999986E8	-2.61436959195708063E1
5.34999999999999964E8	-2.61275742927201016E1
5.36000000000000032E8	-2.61114347641370559E1
5.37000000000000011E8	-2.60952770844986803E1
5.37999999999999989E8	-2.60791010046854321E1
5.38999999999999968E8	-2.60629062757536234E1
5.40000000000000036E8	-2.60466926489423578E1
5.41000000000000014E8	-2.60304598756346728E1
5.41999999999999993E8	-2.60142077073707911E1
5.42999999999999972E8	-2.59979358958103512E1
5.43999999999999950E8	-2.59816441927445352E1
5.45000000000000018E8	-2.59653323500603994E1
5.45999999999999996E8	-2.59490001197457554E1
5.47000000000000064E8	-2.59326472538588648E1
5.47999999999999954E8	-2.59162735045351944E1
5.49000000000000021E8	-2.58998786239515022E1
5.50000000000000000E8	-2.58834623643406125E1
5.50999999999999979E8	-2.58670244779513947E1
5.52000000000000046E8	-2.58505647170549180E1
5.52999999999999936E8	-2.58340828339221762E1
5.54000000000000004E8	-2.58175785808201219E1
5.54999999999999982E8	-2.58010517099808867E1
5.56000000000000050E8	-2.57845019736141667E1
5.57000000000000028E8	-2.57679291238734942E1
5.58000000000000007E8	-2.57513329128628721E1
5.58999999999999986E8	-2.57347130925916767E1
5.59999999999999964E8	-2.57180694150082356E1
5.61000000000000032E8	-2.57014016319461636E1
5.62000000000000011E8	-2.56847094951313970E1
5.62999999999999989E8	-2.56679927561724464E1
5.63999999999999968E8	-2.56512511665310949E1
5.65000000000000036E8	-2.56344844775350911E1
5.66000000000000014E8	-2.56176924403294937E1
5.66999999999999993E8	-2.56008748059097968E1
5.67999999999999972E8	-2.55840313250694429E1
5.68999999999999950E8	-2.55671617484028335E1
5.70000000000000018E8	-2.55502658262973181E1
5.70999999999999996E8	-2.55333433089215323E1
5.72000000000000064E8	-2.55163939461969580E1
5.72999999999999954E8	-2.54994174878061797E1
5.74000000000000021E8	-2.54824136831628056E1
5.75000000000000000E8	-2.54653822814035324E1
5.75999999999999979E8	-2.54483230313926612E1
5.77000000000000046E8	-2.54312356816779905E1
5.77999999999999936E8	-2.54141199805084028E1
5.79000000000000004E8	-2.53969756758050069E1
5.79999999999999982E8	-2.53798025151506268E1
5.81000000000000050E8	-2.53626002457773003E1
5.82000000000000028E8	-2.53453686145623136E1
5.83000000000000007E8	-2.53281073679998459E1
5.83999999999999986E8	-2.53108162522035407E1
5.84999999999999964E8	-2.52934950128782976E1
5.86000000000000032E8	-2.52761433953331061E1
5.87000000000000011E8	-2.52587611444347582E1
5.87999999999999989E8	-2.52413480046240535E1
5.88999999999999968E8	-2.52239037198856542E1
5.90000000000000036E8	-2.52064280337451097E1
5.91000000000000014E8	-2.51889206892445605E1
5.91999999999999993E8	-2.51713814289545201E1
5.92999999999999972E8	-2.51538099949225114E1
5.93999999999999950E8	-2.51362061287048677E1
5.95000000000000018E8	-2.51185695713120305E1
5.95999999999999996E8	-2.51009000632300294E1
5.97000000000000064E8	-2.50831973443799461E1
5.97999999999999954E8	-2.50654611541253169E1
5.99000000000000021E8	-2.50476912312523670E1
6.00000000000000000E8	-2.50298873139487998E1
6.00999999999999979E8	-2.50120491398117339E1
6.02000000000000046E8	-2.49941764458110205E1
6.02999999999999936E8	-2.49762689682905004E1
6.04000000000000004E8	-2.49583264429447160E1
6.04999999999999982E8	-2.49403486048254752E1
6.06000000000000050E8	-2.49223351883042099E1
6.07000000000000028E8	-2.49042859270766215E1
6.08000000000000007E8	-2.48862005541410314E1
6.08999999999999986E8	-2.48680788017817234E1
6.09999999999999964E8	-2.48499204015689878E1
6.11000000000000032E8	-2.48317250843385740E1
6.12000000000000011E8	-2.48134925801723316E1
6.12999999999999989E8	-2.47952226183910751E1
6.13999999999999968E8	-2.47769149275456391E1
6.15000000000000036E8	-2.47585692353949094E1
6.16000000000000014E8	-2.47401852688969237E1
6.16999999999999993E8	-2.47217627541869112E1
6.17999999999999972E8	-2.47033014165773412E1
6.18999999999999950E8	-2.46848009805422519E1
6.20000000000000018E8	-2.46662611696947831E1
6.20999999999999996E8	-2.46476817067682497E1
6.22000000000000064E8	-2.46290623136306053E1
6.22999999999999954E8	-2.46104027112341806E1
6.24000000000000021E8	-2.45917026196306132E1
6.25000000000000000E8	-2.45729617579434345E1
6.25999999999999979E8	-2.45541798443488668E1
6.27000000000000046E8	-2.45353565960882269E1
6.27999999999999936E8	-2.45164917294105233E1
6.29000000000000004E8	-2.44975849596055228E1
6.29999999999999982E8	-2.44786360009456461E1
6.31000000000000050E8	-2.44596445667077811E1
6.32000000000000028E8	-2.44406103691409538E1
6.33000000000000007E8	-2.44215331194515661E1
6.33999999999999986E8	-2.44024125277919746E1
6.34999999999999964E8	-2.43832483032472558E1
6.36000000000000032E8	-2.43640401538327511E1
6.37000000000000011E8	-2.43447877864346607E1
6.37999999999999989E8	-2.43254909068641823E1
6.38999999999999968E8	-2.43061492197815143E1
6.40000000000000036E8	-2.42867624287066652E1
6.40999999999999925E8	-2.42673302360212295E1
6.41999999999999993E8	-2.42478523429042081E1
6.42999999999999972E8	-2.42283284493825724E1
6.44000000000000039E8	-2.42087582542553248E1
6.45000000000000018E8	-2.41891414551139317E1
6.45999999999999908E8	-2.41694777483275347E1
6.47000000000000064E8	-2.41497668290024325E1
6.47999999999999954E8	-2.41300083909817564E1
6.49000000000000021E8	-2.41102021268460343E1
6.50000000000000000E8	-2.40903477278663081E1
6.50999999999999979E8	-2.40704448840137797E1
6.52000000000000046E8	-2.40504932839303853E1
6.52999999999999936E8	-2.40304926149205000E1
6.54000000000000092E8	-2.40104425629261398E1
6.54999999999999982E8	-2.39903428125213480E1
6.55999999999999961E8	-2.39701930468923674E1
6.57000000000000028E8	-2.39499929478143381E1
6.58000000000000007E8	-2.39297421956553302E1
6.59000000000000075E8	-2.39094404693295415E1
6.59999999999999964E8	-2.38890874463116054E1
6.60999999999999943E8	-2.38686828025980846E1
6.62000000000000011E8	-2.38482262127035449E1
6.62999999999999989E8	-2.38277173496412376E1
6.64000000000000057E8	-2.38071558849052112E1
6.65000000000000036E8	-2.37865414884502346E1
6.65999999999999925E8	-2.37658738286815829E1
6.66999999999999993E8	-2.37451525724358659E1
6.67999999999999972E8	-2.37243773849570871E1
6.69000000000000039E8	-2.37035479298953566E1
6.70000000000000018E8	-2.36826638692771718E1
6.70999999999999908E8	-2.36617248634882005E1
6.72000000000000064E8	-2.36407305712650118E1
6.72999999999999954E8	-2.36196806496715039E1
6.74000000000000021E8	-2.35985747540745772E1
6.75000000000000000E8	-2.35774125381407096E1
6.75999999999999979E8	-2.35561936538203165E1
6.77000000000000046E8	-2.35349177513014141E1
6.77999999999999936E8	-2.35135844790275295E1
6.79000000000000092E8	-2.34921934836643320E1
6.79999999999999982E8	-2.34707444100754570E1
6.80999999999999961E8	-2.34492369013174651E1
6.82000000000000028E8	-2.34276705986128597E1
6.83000000000000007E8	-2.34060451413302761E1
6.84000000000000075E8	-2.33843601669757373E1
6.84999999999999964E8	-2.33626153111742463E1
6.85999999999999943E8	-2.33408102076433988E1
6.87000000000000011E8	-2.33189444881597296E1
6.87999999999999989E8	-2.32970177825948488E1
6.89000000000000057E8	-2.32750297188293587E1
6.90000000000000036E8	-2.32529799227818534E1
6.90999999999999925E8	-2.32308680183646876E1
6.91999999999999993E8	-2.32086936274789846E1
6.92999999999999972E8	-2.31864563700028681E1
6.94000000000000039E8	-2.31641558637321543E1
6.95000000000000018E8	-2.31417917244208393E1
6.95999999999999908E8	-2.31193635657082597E1
6.97000000000000064E8	-2.30968709991420917E1
6.97999999999999954E8	-2.30743136341266597E1
6.99000000000000021E8	-2.30516910779230955E1
7.00000000000000000E8	-2.30290029356206061E1
7.00999999999999979E8	-2.30062488101267970E1
7.02000000000000046E8	-2.29834283021385088E1
7.02999999999999936E8	-2.29605410101230811E1
7.04000000000000092E8	-2.29375865303099813E1
7.04999999999999982E8	-2.29145644566554507E1
7.05999999999999961E8	-2.28914743808390231E1
7.07000000000000028E8	-2.28683158922288232E1
7.08000000000000007E8	-2.28450885778739021E1
7.09000000000000075E8	-2.28217920224711923E1
7.09999999999999964E8	-2.27984258083611158E1
7.10999999999999943E8	-2.27749895155024618E1
7.12000000000000011E8	-2.27514827214542725E1
7.12999999999999989E8	-2.27279050013342410E1
7.14000000000000057E8	-2.27042559278411948E1
7.15000000000000036E8	-2.26805350711958376E1
7.15999999999999925E8	-2.26567419991347530E1
7.16999999999999993E8	-2.26328762769162584E1
7.17999999999999972E8	-2.26089374672485022E1
7.19000000000000039E8	-2.25849251303134579E1
7.20000000000000018E8	-2.25608388237310553E1
7.20999999999999908E8	-2.25366781025323615E1
7.22000000000000064E8	-2.25124425191647548E1
7.22999999999999954E8	-2.24881316234370487E1
7.24000000000000021E8	-2.24637449625273966E1
7.25000000000000000E8	-2.24392820809557003E1
7.25999999999999979E8	-2.24147425205560058E1
7.27000000000000046E8	-2.23901258204662001E1
7.27999999999999936E8	-2.23654315171255558E1
7.29000000000000092E8	-2.23406591441940083E1
7.29999999999999982E8	-2.23158082326252227E1
7.30999999999999961E8	-2.22908783105500818E1
7.32000000000000028E8	-2.22658689033507606E1
7.33000000000000007E8	-2.22407795335563918E1
7.34000000000000075E8	-2.22156097208925507E1
7.34999999999999964E8	-2.21903589822157388E1
7.35999999999999943E8	-2.21650268315264309E1
7.37000000000000011E8	-2.21396127799201681E1
7.37999999999999989E8	-2.21141163356095571E1
7.39000000000000057E8	-2.20885370038727258E1
7.40000000000000036E8	-2.20628742870315087E1
7.40999999999999925E8	-2.20371276844829689E1
7.41999999999999993E8	-2.20112966926085463E1
7.42999999999999972E8	-2.19853808048286226E1
7.44000000000000039E8	-2.19593795115348023E1
7.45000000000000018E8	-2.19332923000926527E1
7.45999999999999908E8	-2.19071186548391772E1
7.47000000000000064E8	-2.18808580570289823E1
7.47999999999999954E8	-2.18545099848664437E1
7.49000000000000021E8	-2.18280739134456114E1
7.50000000000000000E8	-2.18015493147674322E1
7.50999999999999979E8	-2.17749356576923736E1
7.52000000000000046E8	-2.17482324079793488E1
7.52999999999999936E8	-2.17214390282133696E1
7.54000000000000092E8	-2.16945549778291102E1
7.54999999999999982E8	-2.16675797130710102E1
7.55999999999999961E8	-2.16405126870287123E1
7.57000000000000028E8	-2.16133533495606045E1
7.58000000000000007E8	-2.15861011473253539E1
7.59000000000000075E8	-2.15587555237684780E1
7.59999999999999964E8	-2.15313159190871373E1
7.60999999999999943E8	-2.15037817702465306E1
7.62000000000000011E8	-2.14761525109756546E1
7.62999999999999989E8	-2.14484275717187423E1
7.64000000000000057E8	-2.14206063796634627E1
7.65000000000000036E8	-2.13926883587250138E1
7.65999999999999925E8	-2.13646729295470861E1
7.66999999999999993E8	-2.13365595094829086E1
7.67999999999999972E8	-2.13083475125811894E1
7.69000000000000039E8	-2.12800363496200040E1
7.70000000000000018E8	-2.12516254280790307E1
7.70999999999999908E8	-2.12231141521183853E1
7.72000000000000064E8	-2.11945019226312548E1
7.72999999999999954E8	-2.11657881371863077E1
7.74000000000000021E8	-2.11369721900727958E1
7.75000000000000000E8	-2.11080534722740154E1
7.75999999999999979E8	-2.10790313714960220E1
7.77000000000000046E8	-2.10499052721504576E1
7.77999999999999936E8	-2.10206745553806984E1
7.79000000000000092E8	-2.09913385990305912E1
7.79999999999999982E8	-2.09618967777297183E1
7.80999999999999961E8	-2.09323484628132661E1
7.82000000000000028E8	-2.09026930223954155E1
7.83000000000000007E8	-2.08729298213589320E1
7.84000000000000075E8	-2.08430582213987403E1
7.84999999999999964E8	-2.08130775809806012E1
7.85999999999999943E8	-2.07829872554175532E1
7.87000000000000011E8	-2.07527865968715330E1
7.87999999999999989E8	-2.07224749543527675E1
7.89000000000000057E8	-2.06920516737851390E1
7.90000000000000036E8	-2.06615160980175760E1
7.90999999999999925E8	-2.06308675668339303E1
7.91999999999999993E8	-2.06001054170034914E1
7.92999999999999972E8	-2.05692289823233843E1
7.94000000000000039E8	-2.05382375936165884E1
7.95000000000000018E8	-2.05071305788166436E1
7.95999999999999908E8	-2.04759072629886463E1
7.97000000000000064E8	-2.04445669683663445E1
7.97999999999999954E8	-2.04131090144078353E1
7.99000000000000021E8	-2.03815327178514138E1
8.00000000000000000E8	-2.03498373927463216E1
8.00999999999999979E8	-2.03180223505514856E1
8.01999999999999957E8	-2.02860869001452881E1
8.02999999999999936E8	-2.02540303479241501E1
8.04000000000000092E8	-2.02218519978680078E1
8.05000000000000071E8	-2.01895511515793880E1
8.05999999999999872E8	-2.01571271083929959E1
8.07000000000000028E8	-2.01245791654694361E1
8.08000000000000007E8	-2.00919066177976502E1
8.08999999999999986E8	-2.00591087583858263E1
8.09999999999999964E8	-2.00261848782806151E1
8.10999999999999943E8	-1.99931342666901091E1
8.12000000000000099E8	-1.99599562111075945E1
8.12999999999999901E8	-1.99266499973581834E1
8.14000000000000057E8	-1.98932149097831901E1
8.15000000000000036E8	-1.98596502313074619E1
8.16000000000000014E8	-1.98259552435798203E1
8.16999999999999993E8	-1.97921292271254923E1
8.17999999999999972E8	-1.97581714614196247E1
8.19000000000000128E8	-1.97240812251143471E1
8.19999999999999929E8	-1.96898577961089360E1
8.20999999999999908E8	-1.96555004517846754E1
8.22000000000000064E8	-1.96210084690633413E1
8.23000000000000043E8	-1.95863811247058495E1
8.24000000000000021E8	-1.95516176953801479E1
8.25000000000000000E8	-1.95167174579056812E1
8.25999999999999979E8	-1.94816796894515920E1
8.26999999999999957E8	-1.94465036677174075E1
8.27999999999999936E8	-1.94111886711392367E1
8.29000000000000092E8	-1.93757339791472205E1
8.30000000000000071E8	-1.93401388723778522E1
8.30999999999999872E8	-1.93044026328940288E1
8.32000000000000028E8	-1.92685245444917319E1
8.33000000000000007E8	-1.92325038929135905E1
8.33999999999999986E8	-1.91963399661219070E1
8.34999999999999964E8	-1.91600320546544656E1
8.35999999999999943E8	-1.91235794518399116E1
8.37000000000000099E8	-1.90869814541518190E1
8.37999999999999901E8	-1.90502373615079001E1
8.39000000000000057E8	-1.90133464776455829E1
8.40000000000000036E8	-1.89763081104453102E1
8.41000000000000014E8	-1.89391215723145767E1
8.41999999999999993E8	-1.89017861805464316E1
8.42999999999999972E8	-1.88643012577042701E1
8.44000000000000128E8	-1.88266661321209949E1
8.44999999999999929E8	-1.87888801381999859E1
8.45999999999999908E8	-1.87509426169952720E1
8.47000000000000064E8	-1.87128529165443114E1
8.48000000000000043E8	-1.86746103924938955E1
8.49000000000000021E8	-1.86362144084687320E1
8.50000000000000000E8	-1.85976643366922478E1
8.50999999999999979E8	-1.85589595585045442E1
8.51999999999999957E8	-1.85200994648727990E1
8.52999999999999936E8	-1.84810834571018101E1
8.54000000000000092E8	-1.84419109473146081E1
8.55000000000000071E8	-1.84025813591522147E1
8.55999999999999872E8	-1.83630941284756344E1
8.57000000000000028E8	-1.83234487039686011E1
8.58000000000000007E8	-1.82836445479012855E1
8.58999999999999986E8	-1.82436811368864715E1
8.59999999999999964E8	-1.82035579625866939E1
8.60999999999999943E8	-1.81632745325562373E1
8.62000000000000099E8	-1.81228303711411520E1
8.62999999999999901E8	-1.80822250201788259E1
8.64000000000000057E8	-1.80414580400557401E1
8.65000000000000036E8	-1.80005290105390148E1
8.66000000000000014E8	-1.79594375317673527E1
8.66999999999999993E8	-1.79181832253065432E1
8.67999999999999972E8	-1.78767657350991049E1
8.69000000000000128E8	-1.78351847286133447E1
8.69999999999999929E8	-1.77934398979429576E1
8.70999999999999908E8	-1.77515309609559102E1
8.72000000000000064E8	-1.77094576625159017E1
8.73000000000000043E8	-1.76672197757769434E1
8.74000000000000021E8	-1.76248171033861567E1
8.75000000000000000E8	-1.75822494788896089E1
8.75999999999999979E8	-1.75395167681432373E1
8.76999999999999957E8	-1.74966188707523740E1
8.77999999999999936E8	-1.74535557215052539E1
8.79000000000000092E8	-1.74103272920522723E1
8.80000000000000071E8	-1.73669335924315216E1
8.80999999999999872E8	-1.73233746727237969E1
8.82000000000000028E8	-1.72796506248804316E1
8.83000000000000007E8	-1.72357615843954770E1
8.83999999999999986E8	-1.71917077322975720E1
8.84999999999999964E8	-1.71474892970078185E1
8.85999999999999943E8	-1.71031065562658435E1
8.87000000000000099E8	-1.70585598393322191E1
8.87999999999999901E8	-1.70138495290313796E1
8.89000000000000057E8	-1.69689760640011711E1
8.90000000000000036E8	-1.69239399409907998E1
8.91000000000000014E8	-1.68787417172063203E1
8.91999999999999993E8	-1.68333820127848810E1
8.92999999999999972E8	-1.67878615133558351E1
8.94000000000000128E8	-1.67421809725428017E1
8.94999999999999929E8	-1.66963412148747103E1
8.95999999999999908E8	-1.66503431384302525E1
8.97000000000000064E8	-1.66041877178094421E1
8.98000000000000043E8	-1.65578760071454623E1
8.99000000000000021E8	-1.65114091431520515E1
9.00000000000000000E8	-1.64647883482956869E1
9.00999999999999979E8	-1.64180149342575388E1
9.01999999999999957E8	-1.63710903051249868E1
9.02999999999999936E8	-1.63240159610861602E1
9.04000000000000092E8	-1.62767935020060373E1
9.05000000000000071E8	-1.62294246311005708E1
9.05999999999999872E8	-1.61819111588788500E1
9.07000000000000028E8	-1.61342550071342172E1
9.08000000000000007E8	-1.60864582130336475E1
9.08999999999999986E8	-1.60385229332703227E1
9.09999999999999964E8	-1.59904514485404192E1
9.10999999999999943E8	-1.59422461678607896E1
9.12000000000000099E8	-1.58939096334123908E1
9.12999999999999901E8	-1.58454445250077303E1
9.14000000000000057E8	-1.57968536652079727E1
9.15000000000000036E8	-1.57481400241694991E1
9.16000000000000014E8	-1.56993067248491958E1
9.16999999999999993E8	-1.56503570482665055E1
9.17999999999999972E8	-1.56012944389285146E1
9.19000000000000128E8	-1.55521225103911309E1
9.19999999999999929E8	-1.55028450509654947E1
9.20999999999999908E8	-1.54534660294475401E1
9.22000000000000064E8	-1.54039896012015043E1
9.23000000000000043E8	-1.53544201141668646E1
9.24000000000000021E8	-1.53047621151720659E1
9.25000000000000000E8	-1.52550203562809217E1
9.25999999999999979E8	-1.52051998011362355E1
9.26999999999999957E8	-1.51553056317518231E1
9.27999999999999936E8	-1.51053432552467570E1
9.29000000000000092E8	-1.50553183105704025E1
9.30000000000000071E8	-1.50052366755552735E1
9.30999999999999872E8	-1.49551044739495542E1
9.32000000000000028E8	-1.49049280826384800E1
9.33000000000000007E8	-1.48547141387575610E1
9.33999999999999986E8	-1.48044695472827881E1
9.34999999999999964E8	-1.47542014881309003E1
9.35999999999999943E8	-1.47039174238744441E1
9.37000000000000099E8	-1.46536251070748014E1
9.37999999999999901E8	-1.46033325879956855E1
9.39000000000000057E8	-1.45530482219989854E1
9.40000000000000036E8	-1.45027806771803780E1
9.41000000000000014E8	-1.44525389419344075E1
9.41999999999999993E8	-1.44023323324156860E1
9.42999999999999972E8	-1.43521705000683975E1
9.44000000000000128E8	-1.43020634388702161E1
9.44999999999999929E8	-1.42520214927636268E1
9.45999999999999908E8	-1.42020553625706203E1
9.47000000000000064E8	-1.41521761131421631E1
9.48000000000000043E8	-1.41023951801134051E1
9.49000000000000021E8	-1.40527243763824217E1
9.50000000000000000E8	-1.40031758984146237E1
9.50999999999999979E8	-1.39537623323586213E1
9.51999999999999957E8	-1.39044966595183550E1
9.52999999999999936E8	-1.38553922618532366E1
9.54000000000000092E8	-1.38064629267204153E1
9.55000000000000071E8	-1.37577228512239302E1
9.55999999999999872E8	-1.37091866464070922E1
9.57000000000000028E8	-1.36608693400623249E1
9.58000000000000007E8	-1.36127863800821336E1
9.58999999999999986E8	-1.35649536358872846E1
9.59999999999999964E8	-1.35173874003178396E1
9.60999999999999943E8	-1.34701043896882111E1
9.62000000000000099E8	-1.34231217439461559E1
9.62999999999999901E8	-1.33764570249853398E1
9.64000000000000057E8	-1.33301282149824707E1
9.65000000000000036E8	-1.32841537128804066E1
9.66000000000000014E8	-1.32385523303413488E1
9.66999999999999993E8	-1.31933432861352551E1
9.67999999999999972E8	-1.31485461994849229E1
9.69000000000000128E8	-1.31041810825350358E1
9.69999999999999929E8	-1.30602683306449596E1
9.70999999999999908E8	-1.30168287119939952E1
9.72000000000000064E8	-1.29738833553977750E1
9.73000000000000043E8	-1.29314537367049809E1
9.74000000000000021E8	-1.28895616636103161E1
9.75000000000000000E8	-1.28482292589640523E1
9.75999999999999979E8	-1.28074789419288693E1
9.76999999999999957E8	-1.27673334083989554E1
9.77999999999999936E8	-1.27278156083917660E1
9.79000000000000092E8	-1.26889487231626119E1
9.80000000000000071E8	-1.26507561389956202E1
9.80999999999999872E8	-1.26132614203099713E1
9.82000000000000028E8	-1.25764882808109957E1
9.83000000000000007E8	-1.25404605520126955E1
9.83999999999999986E8	-1.25052021513134481E1
9.84999999999999964E8	-1.24707370470134071E1
9.85999999999999943E8	-1.24370892225437668E1
9.87000000000000099E8	-1.24042826384855331E1
9.87999999999999901E8	-1.23723411933715255E1
9.89000000000000057E8	-1.23412886825944224E1
9.90000000000000036E8	-1.23111487561018573E1
9.91000000000000014E8	-1.22819448746838189E1
9.91999999999999993E8	-1.22537002651235016E1
9.92999999999999972E8	-1.22264378742131208E1
9.94000000000000128E8	-1.22001803214671201E1
9.94999999999999929E8	-1.21749498517305321E1
9.95999999999999908E8	-1.21507682867617839E1
9.97000000000000064E8	-1.21276569760218611E1
9.98000000000000043E8	-1.21056367481219418E1
9.99000000000000021E8	-1.20847278614355758E1
1.00000000000000000E9	-1.20649499551067496E1
1.00099999999999989E9	-1.20463220006363891E1
1.00200000000000000E9	-1.20288622537937040E1
1.00299999999999989E9	-1.20125882076099910E1
1.00400000000000000E9	-1.19975165463558686E1
1.00500000000000012E9	-1.19836631007953387E1
1.00599999999999978E9	-1.19710428052094309E1
1.00700000000000012E9	-1.19596696557182569E1
1.00800000000000001E9	-1.19495566714706736E1
1.00899999999999990E9	-1.19407158570421390E1
1.01000000000000001E9	-1.19331581684444399E1
1.01099999999999990E9	-1.19268934804850257E1
1.01200000000000001E9	-1.19219305583965185E1
1.01299999999999990E9	-1.19182770311186936E1
1.01400000000000001E9	-1.19159393691476190E1
1.01500000000000012E9	-1.19149228645022109E1
1.01600000000000001E9	-1.19152316149318738E1
1.01699999999999990E9	-1.19168685111647132E1
1.01800000000000002E9	-1.19198352287164755E1
1.01900000000000013E9	-1.19241322220356150E1
1.02000000000000002E9	-1.19297587233140012E1
1.02099999999999991E9	-1.19367127450664312E1
1.02200000000000002E9	-1.19449910859170449E1
1.02300000000000013E9	-1.19545893404992398E1
1.02400000000000002E9	-1.19655019125237239E1
1.02499999999999991E9	-1.19777220322965006E1
1.02600000000000002E9	-1.19912417764848889E1
1.02699999999999991E9	-1.20060520918133129E1
1.02800000000000002E9	-1.20221428222462889E1
1.02900000000000014E9	-1.20395027384711417E1
1.03000000000000003E9	-1.20581195705570376E1
1.03099999999999992E9	-1.20779800432600348E1
1.03200000000000003E9	-1.20990699135909585E1
1.03299999999999992E9	-1.21213740106804346E1
1.03400000000000003E9	-1.21448762775538399E1
1.03499999999999992E9	-1.21695598147736006E1
1.03600000000000003E9	-1.21954069252188924E1
1.03700000000000014E9	-1.22223991606971505E1
1.03799999999999981E9	-1.22505173691008684E1
1.03900000000000015E9	-1.22797417425738176E1
1.04000000000000004E9	-1.23100518661649905E1
1.04099999999999993E9	-1.23414267669278632E1
1.04200000000000004E9	-1.23738449627702995E1
1.04299999999999993E9	-1.24072845119358388E1
1.04400000000000004E9	-1.24417230613468943E1
1.04499999999999993E9	-1.24771378949937972E1
1.04599999999999982E9	-1.25135059816366234E1
1.04700000000000015E9	-1.25508040213077487E1
1.04800000000000004E9	-1.25890084911576561E1
1.04899999999999993E9	-1.26280956902356212E1
1.05000000000000004E9	-1.26680417826979097E1
1.05099999999999993E9	-1.27088228399035885E1
1.05200000000000005E9	-1.27504148808373885E1
1.05299999999999994E9	-1.27927939113183764E1
1.05400000000000005E9	-1.28359359612611268E1
1.05500000000000016E9	-1.28798171203109391E1
1.05599999999999983E9	-1.29244135719020203E1
1.05699999999999994E9	-1.29697016255103148E1
1.05800000000000005E9	-1.30156577468144774E1
1.05899999999999994E9	-1.30622585867408580E1
1.06000000000000005E9	-1.31094810077814072E1
1.06099999999999994E9	-1.31573021093756659E1
1.06200000000000006E9	-1.32056992510489146E1
1.06299999999999994E9	-1.32546500737851036E1
1.06400000000000006E9	-1.33041325199605320E1
1.06499999999999995E9	-1.33541248511687005E1
1.06600000000000006E9	-1.34046056648061418E1
1.06699999999999995E9	-1.34555539087677656E1
1.06800000000000006E9	-1.35069488947547578E1
1.06900000000000017E9	-1.35587703099927381E1
1.06999999999999984E9	-1.36109982274531394E1
1.07099999999999995E9	-1.36636131147997442E1
1.07200000000000006E9	-1.37165958421855105E1
1.07299999999999995E9	-1.37699276881792754E1
1.07400000000000007E9	-1.38235903450879372E1
1.07499999999999996E9	-1.38775659232299198E1
1.07600000000000007E9	-1.39318369532986930E1
1.07699999999999996E9	-1.39863863887400930E1
1.07799999999999985E9	-1.40411976064485344E1
1.07900000000000018E9	-1.40962544069578533E1
1.08000000000000007E9	-1.41515410137153452E1
1.08099999999999996E9	-1.42070420714572299E1
1.08200000000000007E9	-1.42627426441405558E1
1.08299999999999996E9	-1.43186282119459785E1
1.08400000000000007E9	-1.43746846678326956E1
1.08499999999999996E9	-1.44308983135499025E1
1.08599999999999985E9	-1.44872558550846464E1
1.08700000000000019E9	-1.45437443976231418E1
1.08799999999999986E9	-1.46003514403223589E1
1.08899999999999997E9	-1.46570648704005690E1
1.09000000000000008E9	-1.47138729571072102E1
1.09099999999999997E9	-1.47707643453682658E1
1.09200000000000008E9	-1.48277280492397079E1
1.09299999999999997E9	-1.48847534448904595E1
1.09400000000000008E9	-1.49418302638511080E1
1.09499999999999997E9	-1.49989485856441229E1
1.09599999999999986E9	-1.50560988304731413E1
1.09699999999999998E9	-1.51132717520274462E1
1.09800000000000009E9	-1.51704584298659628E1
1.09899999999999998E9	-1.52276502619455312E1
1.10000000000000009E9	-1.52848389569954590E1
1.10099999999999998E9	-1.53420165270180386E1
1.10199999999999987E9	-1.53991752798293291E1
1.10299999999999998E9	-1.54563078112772967E1
1.10400000000000009E9	-1.55134069980087141E1
1.10499999999999998E9	-1.55704659897902276E1
1.10599999999999987E9	-1.56274782022826253E1
1.10699999999999998E9	-1.56844373096071577E1
1.10800000000000010E9	-1.57413372372225924E1
1.10899999999999999E9	-1.57981721547071507E1
1.10999999999999988E9	-1.58549364687052696E1
1.11099999999999999E9	-1.59116248160575391E1
1.11200000000000010E9	-1.59682320569114111E1
1.11299999999999999E9	-1.60247532680609206E1
1.11400000000000010E9	-1.60811837363304333E1
1.11499999999999999E9	-1.61375189520933415E1
1.11600000000000010E9	-1.61937546030894919E1
1.11699999999999999E9	-1.62498865679890647E1
1.11799999999999988E9	-1.63059109105420807E1
1.11900000000000022E9	-1.63618238734819288E1
1.11999999999999988E9	-1.64176218728868117E1
1.12100000000000000E9	-1.64733014923892607E1
1.12200000000000011E9	-1.65288594777565701E1
1.12300000000000000E9	-1.65842927314519573E1
1.12400000000000011E9	-1.66395983073899556E1
1.12500000000000000E9	-1.66947734058773678E1
1.12599999999999989E9	-1.67498153685469298E1
1.12700000000000000E9	-1.68047216736359628E1
1.12799999999999989E9	-1.68594899311500912E1
1.12900000000000000E9	-1.69141178784291424E1
1.13000000000000012E9	-1.69686033755465315E1
1.13099999999999978E9	-1.70229444010987008E1
1.13200000000000012E9	-1.70771390479476315E1
1.13300000000000001E9	-1.71311855191935125E1
1.13399999999999990E9	-1.71850821241975593E1
1.13500000000000001E9	-1.72388272747338855E1
1.13599999999999990E9	-1.72924194813167031E1
1.13700000000000001E9	-1.73458573494908563E1
1.13799999999999990E9	-1.73991395765541457E1
1.13900000000000001E9	-1.74522649478987191E1
1.14000000000000012E9	-1.75052323339375993E1
1.14100000000000001E9	-1.75580406868555228E1
1.14199999999999990E9	-1.76106890375506042E1
1.14300000000000002E9	-1.76631764926124113E1
1.14400000000000013E9	-1.77155022315297606E1
1.14500000000000002E9	-1.77676655038834541E1
1.14599999999999991E9	-1.78196656265381814E1
1.14700000000000002E9	-1.78715019812338527E1
1.14800000000000013E9	-1.79231740119256466E1
1.14900000000000002E9	-1.79746812223866215E1
1.14999999999999991E9	-1.80260231738763066E1
1.15100000000000002E9	-1.80771994828484317E1
1.15199999999999991E9	-1.81282098187629681E1
1.15300000000000002E9	-1.81790539019743624E1
1.15400000000000014E9	-1.82297315016465022E1
1.15500000000000003E9	-1.82802424338120773E1
1.15599999999999992E9	-1.83305865594460782E1
1.15700000000000003E9	-1.83807637826493497E1
1.15799999999999992E9	-1.84307740488114780E1
1.15900000000000003E9	-1.84806173429358722E1
1.15999999999999992E9	-1.85302936879706115E1
1.16100000000000003E9	-1.85798031432566435E1
1.16200000000000014E9	-1.86291458028573365E1
1.16299999999999981E9	-1.86783217942084834E1
1.16400000000000015E9	-1.87273312766031741E1
1.16500000000000004E9	-1.87761744398576047E1
1.16599999999999993E9	-1.88248515029042385E1
1.16700000000000004E9	-1.88733627125527859E1
1.16799999999999993E9	-1.89217083422958376E1
1.16900000000000004E9	-1.89698886909954179E1
1.16999999999999993E9	-1.90179040818200340E1
1.17099999999999982E9	-1.90657548611358818E1
1.17200000000000015E9	-1.91134413973457784E1
1.17300000000000004E9	-1.91609640799767655E1
1.17399999999999993E9	-1.92083233185841484E1
1.17500000000000004E9	-1.92555195418686997E1
1.17599999999999993E9	-1.93025531966957375E1
1.17700000000000005E9	-1.93494247472395875E1
1.17799999999999994E9	-1.93961346741295770E1
1.17900000000000005E9	-1.94426834736173193E1
1.18000000000000016E9	-1.94890716567616518E1
1.18099999999999983E9	-1.95352997487015978E1
1.18199999999999994E9	-1.95813682879025519E1
1.18300000000000005E9	-1.96272778254483837E1
1.18399999999999994E9	-1.96730289243462453E1
1.18500000000000005E9	-1.97186221589169408E1
1.18599999999999994E9	-1.97640581141172045E1
1.18700000000000006E9	-1.98093373849145249E1
1.18799999999999994E9	-1.98544605757932513E1
1.18900000000000006E9	-1.98994283000996353E1
1.18999999999999995E9	-1.99442411795469488E1
1.19100000000000006E9	-1.99888998436845777E1
1.19199999999999995E9	-2.00334049294016969E1
1.19300000000000006E9	-2.00777570804628214E1
1.19400000000000017E9	-2.01219569469950210E1
1.19499999999999984E9	-2.01660051850773892E1
1.19599999999999995E9	-2.02099024563742313E1
1.19700000000000006E9	-2.02536494275681589E1
1.19799999999999995E9	-2.02972467701572290E1
1.19900000000000007E9	-2.03406951599334196E1
1.19999999999999996E9	-2.03839952766642707E1
1.20100000000000007E9	-2.04271478037739662E1
1.20199999999999996E9	-2.04701534279633623E1
1.20299999999999985E9	-2.05130128389083088E1
1.20400000000000018E9	-2.05557267289833812E1
1.20500000000000007E9	-2.05982957928622712E1
1.20599999999999996E9	-2.06407207273787163E1
1.20700000000000007E9	-2.06830022311457684E1
1.20799999999999996E9	-2.07251410043007267E1
1.20900000000000007E9	-2.07671377483302555E1
1.20999999999999996E9	-2.08089931657498139E1
1.21099999999999985E9	-2.08507079599153089E1
1.21200000000000019E9	-2.08922828347774070E1
1.21299999999999986E9	-2.09337184947004395E1
1.21399999999999997E9	-2.09750156442472013E1
1.21500000000000008E9	-2.10161749879415982E1
1.21599999999999997E9	-2.10571972301762722E1
1.21700000000000008E9	-2.10980830749358317E1
1.21799999999999997E9	-2.11388332257056799E1
1.21900000000000008E9	-2.11794483852552995E1
1.21999999999999997E9	-2.12199292555073127E1
1.22099999999999986E9	-2.12602765373805269E1
1.22199999999999998E9	-2.13004909306753198E1
1.22300000000000009E9	-2.13405731338861049E1
1.22399999999999998E9	-2.13805238441205336E1
1.22500000000000009E9	-2.14203437569485544E1
1.22599999999999998E9	-2.14600335662903818E1
1.22699999999999987E9	-2.14995939643279677E1
1.22799999999999998E9	-2.15390256413617598E1
1.22900000000000009E9	-2.15783292857178077E1
1.22999999999999998E9	-2.16175055836731511E1
1.23099999999999987E9	-2.16565552193395483E1
1.23199999999999998E9	-2.16954788745922889E1
1.23300000000000010E9	-2.17342772289693897E1
1.23399999999999999E9	-2.17729509596200632E1
1.23499999999999988E9	-2.18115007412011064E1
1.23599999999999999E9	-2.18499272458100524E1
1.23700000000000010E9	-2.18882311429539289E1
1.23799999999999999E9	-2.19264130994296247E1
1.23900000000000010E9	-2.19644737792935807E1
1.23999999999999999E9	-2.20024138438352823E1
1.24100000000000010E9	-2.20402339514517909E1
1.24199999999999999E9	-2.20779347576593388E1
1.24299999999999988E9	-2.21155169150142505E1
1.24400000000000022E9	-2.21529810730931498E1
1.24499999999999988E9	-2.21903278784294011E1
1.24600000000000000E9	-2.22275579744700513E1
1.24700000000000011E9	-2.22646720015643762E1
1.24800000000000000E9	-2.23016705969015527E1
1.24900000000000011E9	-2.23385543945161791E1
1.25000000000000000E9	-2.23753240252125085E1
1.25099999999999989E9	-2.24119801165637078E1
1.25200000000000000E9	-2.24485232929008749E1
1.25299999999999989E9	-2.24849541752502002E1
1.25400000000000000E9	-2.25212733813436605E1
1.25500000000000012E9	-2.25574815255910810E1
1.25599999999999978E9	-2.25935792190691531E1
1.25700000000000012E9	-2.26295670694679973E1
1.25800000000000001E9	-2.26654456811409188E1
1.25899999999999990E9	-2.27012156550281086E1
1.26000000000000001E9	-2.27368775887034591E1
1.26099999999999990E9	-2.27724320763110910E1
1.26200000000000001E9	-2.28078797085915008E1
1.26299999999999990E9	-2.28432210728699570E1
1.26400000000000001E9	-2.28784567530277627E1
1.26500000000000012E9	-2.29135873295426862E1
1.26600000000000001E9	-2.29486133794298519E1
1.26699999999999990E9	-2.29835354762845201E1
1.26800000000000002E9	-2.30183541902733513E1
1.26900000000000013E9	-2.30530700881034223E1
1.27000000000000002E9	-2.30876837330560702E1
1.27099999999999991E9	-2.31221956849757726E1
1.27200000000000002E9	-2.31566065002823107E1
1.27300000000000013E9	-2.31909167319584597E1
1.27400000000000002E9	-2.32251269295668505E1
1.27499999999999991E9	-2.32592376392577949E1
1.27600000000000002E9	-2.32932494037497317E1
1.27699999999999991E9	-2.33271627623743605E1
1.27800000000000002E9	-2.33609782510534281E1
1.27900000000000014E9	-2.33946964023271864E1
1.28000000000000003E9	-2.34283177453440894E1
1.28099999999999992E9	-2.34618428058949036E1
1.28199999999999981E9	-2.34952721063911030E1
1.28300000000000014E9	-2.35286061658939483E1
1.28400000000000003E9	-2.35618455001363936E1
1.28499999999999992E9	-2.35949906215067351E1
1.28600000000000003E9	-2.36280420390843648E1
1.28699999999999992E9	-2.36610002586391444E1
1.28800000000000003E9	-2.36938657826476984E1
1.28900000000000015E9	-2.37266391103099039E1
1.29000000000000004E9	-2.37593207375497206E1
1.29099999999999993E9	-2.37919111570539288E1
1.29199999999999982E9	-2.38244108582536551E1
1.29300000000000015E9	-2.38568203273740265E1
1.29400000000000004E9	-2.38891400474127380E1
1.29499999999999993E9	-2.39213704981828634E1
1.29599999999999982E9	-2.39535121563274300E1
1.29699999999999993E9	-2.39855654953113673E1
1.29800000000000004E9	-2.40175309854574293E1
1.29899999999999993E9	-2.40494090939528382E1
1.30000000000000004E9	-2.40812002848813211E1
1.30099999999999993E9	-2.41129050192311123E1
1.30200000000000005E9	-2.41445237548829317E1
1.30300000000000016E9	-2.41760569466866171E1
1.30400000000000005E9	-2.42075050464063102E1
1.30500000000000016E9	-2.42388685028178585E1
1.30599999999999983E9	-2.42701477616523187E1
1.30699999999999994E9	-2.43013432656573558E1
1.30800000000000027E9	-2.43324554545931315E1
1.30899999999999994E9	-2.43634847652727604E1
1.31000000000000005E9	-2.43944316315571941E1
1.31099999999999994E9	-2.44252964843825149E1
1.31199999999999983E9	-2.44560797517735740E1
1.31300000000000017E9	-2.44867818588789543E1
1.31400000000000006E9	-2.45174032279576970E1
1.31499999999999995E9	-2.45479442784322677E1
1.31600000000000006E9	-2.45784054268661034E1
1.31699999999999973E9	-2.46087870870382686E1
1.31800000000000006E9	-2.46390896698950934E1
1.31900000000000017E9	-2.46693135836219080E1
1.31999999999999984E9	-2.46994592336351548E1
1.32099999999999995E9	-2.47295270226083952E1
1.32199999999999984E9	-2.47595173504852806E1
1.32299999999999995E9	-2.47894306144995902E1
1.32400000000000007E9	-2.48192672091966093E1
1.32499999999999996E9	-2.48490275264532734E1
1.32600000000000007E9	-2.48787119554831948E1
1.32699999999999996E9	-2.49083208828686864E1
1.32800000000000007E9	-2.49378546925815270E1
1.32900000000000018E9	-2.49673137659843691E1
1.33000000000000007E9	-2.49966984818491644E1
1.33099999999999996E9	-2.50260092164048276E1
1.33199999999999985E9	-2.50552463433201922E1
1.33300000000000018E9	-2.50844102337346619E1
1.33400000000000007E9	-2.51135012562910065E1
1.33499999999999996E9	-2.51425197771177933E1
1.33599999999999985E9	-2.51714661598900058E1
1.33699999999999997E9	-2.52003407658102452E1
1.33800000000000008E9	-2.52291439536504658E1
1.33899999999999997E9	-2.52578760797553592E1
1.34000000000000008E9	-2.52865374980628044E1
1.34099999999999997E9	-2.53151285601310150E1
1.34199999999999986E9	-2.53436496151449919E1
1.34300000000000019E9	-2.53721010099270128E1
1.34400000000000008E9	-2.54004830889831990E1
1.34499999999999997E9	-2.54287961944852281E1
1.34599999999999986E9	-2.54570406663094229E1
1.34699999999999998E9	-2.54852168420421465E1
1.34800000000000009E9	-2.55133250570119197E1
1.34899999999999998E9	-2.55413656442832071E1
1.35000000000000009E9	-2.55693389347033184E1
1.35099999999999998E9	-2.55972452568779341E1
1.35199999999999987E9	-2.56250849372410494E1
1.35300000000000020E9	-2.56528583000148513E1
1.35400000000000009E9	-2.56805656672634397E1
1.35499999999999998E9	-2.57082073589065230E1
1.35599999999999987E9	-2.57357836927072459E1
1.35699999999999976E9	-2.57632949843364711E1
1.35800000000000010E9	-2.57907415473332602E1
1.35899999999999999E9	-2.58181236931690572E1
1.35999999999999988E9	-2.58454417312281182E1
1.36099999999999999E9	-2.58726959688465463E1
1.36199999999999988E9	-2.58998867113094766E1
1.36299999999999999E9	-2.59270142618907906E1
1.36400000000000010E9	-2.59540789218392343E1
1.36499999999999999E9	-2.59810809904146556E1
1.36600000000000010E9	-2.60080207648968642E1
1.36699999999999977E9	-2.60348985406027778E1
1.36800000000000010E9	-2.60617146108872966E1
1.36900000000000022E9	-2.60884692671809493E1
1.36999999999999988E9	-2.61151627989943558E1
1.37100000000000000E9	-2.61417954939239738E1
1.37199999999999989E9	-2.61683676376780294E1
1.37300000000000000E9	-2.61948795140934232E1
1.37400000000000011E9	-2.62213314051330659E1
1.37500000000000000E9	-2.62477235909200779E1
1.37599999999999989E9	-2.62740563497435176E1
1.37700000000000000E9	-2.63003299580637950E1
1.37800000000000011E9	-2.63265446905470712E1
1.37900000000000000E9	-2.63527008200542223E1
1.38000000000000012E9	-2.63787986176767975E1
1.38099999999999978E9	-2.64048383527354114E1
1.38199999999999990E9	-2.64308202928033786E1
1.38300000000000023E9	-2.64567447037120518E1
1.38399999999999990E9	-2.64826118495683405E1
1.38500000000000001E9	-2.65084219927736386E1
1.38599999999999990E9	-2.65341753940194103E1
1.38700000000000001E9	-2.65598723123227076E1
1.38800000000000012E9	-2.65855130050234800E1
1.38900000000000001E9	-2.66110977278001659E1
1.39000000000000012E9	-2.66366267346870522E1
1.39100000000000001E9	-2.66621002780812999E1
1.39199999999999990E9	-2.66875186087640959E1
1.39300000000000024E9	-2.67128819759005731E1
1.39400000000000013E9	-2.67381906270640357E1
1.39500000000000002E9	-2.67634448082340670E1
1.39599999999999991E9	-2.67886447638388514E1
1.39699999999999980E9	-2.68137907367201400E1
1.39800000000000013E9	-2.68388829681849250E1
1.39900000000000002E9	-2.68639216980048356E1
1.39999999999999991E9	-2.68889071644222044E1
1.40100000000000002E9	-2.69138396041651573E1
1.40199999999999991E9	-2.69387192524697117E1
1.40300000000000002E9	-2.69635463430668798E1
1.40400000000000014E9	-2.69883211082213226E1
1.40500000000000003E9	-2.70130437787278277E1
1.40599999999999992E9	-2.70377145839206889E1
1.40699999999999981E9	-2.70623337516951246E1
1.40800000000000014E9	-2.70869015085053944E1
1.40900000000000003E9	-2.71114180793910275E1
1.40999999999999992E9	-2.71358836879763343E1
1.41100000000000003E9	-2.71602985564809840E1
1.41199999999999992E9	-2.71846629057373379E1
1.41300000000000003E9	-2.72089769552010718E1
1.41400000000000015E9	-2.72332409229512118E1
1.41500000000000004E9	-2.72574550257085857E1
1.41599999999999993E9	-2.72816194788587341E1
1.41699999999999982E9	-2.73057344964295634E1
1.41800000000000015E9	-2.73298002911358751E1
1.41900000000000004E9	-2.73538170743644038E1
1.41999999999999993E9	-2.73777850561970837E1
1.42099999999999982E9	-2.74017044454233094E1
1.42199999999999993E9	-2.74255754495361792E1
1.42300000000000004E9	-2.74493982747560006E1
1.42399999999999993E9	-2.74731731260311030E1
1.42500000000000004E9	-2.74969002070513158E1
1.42599999999999993E9	-2.75205797202581381E1
1.42700000000000005E9	-2.75442118668529767E1
1.42800000000000016E9	-2.75677968468015155E1
1.42900000000000005E9	-2.75913348588572305E1
1.43000000000000016E9	-2.76148261005537154E1
1.43099999999999983E9	-2.76382707682257323E1
1.43199999999999994E9	-2.76616690570060353E1
1.43300000000000027E9	-2.76850211608545171E1
1.43399999999999994E9	-2.77083272725499752E1
1.43500000000000005E9	-2.77315875836993708E1
1.43599999999999994E9	-2.77548022847551623E1
1.43699999999999983E9	-2.77779715650189107E1
1.43800000000000017E9	-2.78010956126524933E1
1.43900000000000006E9	-2.78241746146815361E1
1.43999999999999995E9	-2.78472087570157667E1
1.44100000000000006E9	-2.78701982244385826E1
1.44199999999999973E9	-2.78931432006335278E1
1.44300000000000006E9	-2.79160438681792078E1
1.44400000000000017E9	-2.79389004085705261E1
1.44499999999999984E9	-2.79617130022081728E1
1.44599999999999995E9	-2.79844818284315933E1
1.44699999999999984E9	-2.80072070655068828E1
1.44799999999999995E9	-2.80298888906405574E1
1.44900000000000007E9	-2.80525274799890711E1
1.44999999999999996E9	-2.80751230086593484E1
1.45100000000000007E9	-2.80976756507356384E1
1.45199999999999996E9	-2.81201855792736843E1
1.45300000000000007E9	-2.81426529662918146E1
1.45400000000000018E9	-2.81650779828112086E1
1.45500000000000007E9	-2.81874607988458425E1
1.45599999999999996E9	-2.82098015834107407E1
1.45699999999999985E9	-2.82321005045265183E1
1.45800000000000018E9	-2.82543577292330372E1
1.45900000000000007E9	-2.82765734235980792E1
1.45999999999999996E9	-2.82987477527188069E1
1.46099999999999985E9	-2.83208808807249435E1
1.46199999999999997E9	-2.83429729707984546E1
1.46300000000000008E9	-2.83650241851710838E1
1.46399999999999997E9	-2.83870346851360278E1
1.46500000000000008E9	-2.84090046310512268E1
1.46599999999999997E9	-2.84309341823419448E1
1.46699999999999986E9	-2.84528234975240446E1
1.46800000000000019E9	-2.84746727341919126E1
1.46900000000000008E9	-2.84964820490368886E1
1.46999999999999997E9	-2.85182515978455253E1
1.47099999999999986E9	-2.85399815355192699E1
1.47199999999999998E9	-2.85616720160633886E1
1.47300000000000009E9	-2.85833231926049569E1
1.47399999999999998E9	-2.86049352173978333E1
1.47500000000000009E9	-2.86265082418294492E1
1.47599999999999998E9	-2.86480424164181091E1
1.47699999999999987E9	-2.86695378908375575E1
1.47800000000000020E9	-2.86909948139004500E1
1.47900000000000009E9	-2.87124133335831955E1
1.47999999999999998E9	-2.87337935970227942E1
1.48099999999999987E9	-2.87551357505248317E1
1.48199999999999976E9	-2.87764399395727732E1
1.48300000000000010E9	-2.87977063088201746E1
1.48399999999999999E9	-2.88189350021217816E1
1.48499999999999988E9	-2.88401261625123739E1
1.48599999999999999E9	-2.88612799322322422E1
1.48699999999999988E9	-2.88823964527195232E1
1.48799999999999999E9	-2.89034758646267509E1
1.48900000000000010E9	-2.89245183078167223E1
1.48999999999999999E9	-2.89455239213807358E1
1.49100000000000010E9	-2.89664928436216806E1
1.49199999999999977E9	-2.89874252120893461E1
1.49300000000000010E9	-2.90083211635638349E1
1.49400000000000022E9	-2.90291808340666835E1
1.49499999999999988E9	-2.90500043588675672E1
1.49600000000000000E9	-2.90707918724908998E1
1.49699999999999989E9	-2.90915435087161267E1
1.49800000000000000E9	-2.91122594005888224E1
1.49900000000000011E9	-2.91329396804264906E1
1.50000000000000000E9	-2.91535844798116806E1


