freq	dB(S(1,1))
5.00000000000000000E8	-1.06959436346617776E0
5.00999999999999979E8	-1.06827249495936005E0
5.02000000000000046E8	-1.06696473670078151E0
5.02999999999999936E8	-1.06567105710557275E0
5.04000000000000004E8	-1.06439142528245356E0
5.04999999999999982E8	-1.06312581102086878E0
5.06000000000000050E8	-1.06187418479854490E0
5.07000000000000028E8	-1.06063651776405110E0
5.08000000000000007E8	-1.05941278175604214E0
5.08999999999999986E8	-1.05820294929541014E0
5.09999999999999964E8	-1.05700699357277084E0
5.11000000000000032E8	-1.05582488846734379E0
5.12000000000000011E8	-1.05465660853055909E0
5.12999999999999989E8	-1.05350212899357554E0
5.13999999999999968E8	-1.05236142576594949E0
5.15000000000000036E8	-1.05123447543381965E0
5.16000000000000014E8	-1.05012125525537869E0
5.16999999999999993E8	-1.04902174316873431E0
5.17999999999999972E8	-1.04793591779464035E0
5.18999999999999950E8	-1.04686375841436696E0
5.20000000000000018E8	-1.04580524500303129E0
5.20999999999999996E8	-1.04476035819780844E0
5.22000000000000064E8	-1.04372907931891667E0
5.22999999999999954E8	-1.04271139036449689E0
5.24000000000000021E8	-1.04170727400697571E0
5.25000000000000000E8	-1.04071671359226325E0
5.25999999999999979E8	-1.03973969315496118E0
5.27000000000000046E8	-1.03877619739929861E0
5.27999999999999936E8	-1.03782621170883282E0
5.29000000000000004E8	-1.03688972214713071E0
5.29999999999999982E8	-1.03596671546985064E0
5.31000000000000050E8	-1.03505717909417960E0
5.32000000000000028E8	-1.03416110113760751E0
5.33000000000000007E8	-1.03327847038903053E0
5.33999999999999986E8	-1.03240927632741042E0
5.34999999999999964E8	-1.03155350911790089E0
5.36000000000000032E8	-1.03071115961354121E0
5.37000000000000011E8	-1.02988221935188884E0
5.37999999999999989E8	-1.02906668056624095E0
5.38999999999999968E8	-1.02826453617366287E0
5.40000000000000036E8	-1.02747577979545013E0
5.41000000000000014E8	-1.02670040573540278E0
5.41999999999999993E8	-1.02593840900514399E0
5.42999999999999972E8	-1.02518978530411875E0
5.43999999999999950E8	-1.02445453104420858E0
5.45000000000000018E8	-1.02373264333096148E0
5.45999999999999996E8	-1.02302411998235998E0
5.47000000000000064E8	-1.02232895951515079E0
5.47999999999999954E8	-1.02164716116486498E0
5.49000000000000021E8	-1.02097872486752372E0
5.50000000000000000E8	-1.02032365128708147E0
5.50999999999999979E8	-1.01968194179355587E0
5.52000000000000046E8	-1.01905359848270383E0
5.52999999999999936E8	-1.01843862417025499E0
5.54000000000000004E8	-1.01783702240305440E0
5.54999999999999982E8	-1.01724879744510477E0
5.56000000000000050E8	-1.01667395430394691E0
5.57000000000000028E8	-1.01611249871475540E0
5.58000000000000007E8	-1.01556443716050504E0
5.58999999999999986E8	-1.01502977684677331E0
5.59999999999999964E8	-1.01450852574640504E0
5.61000000000000032E8	-1.01400069256650038E0
5.62000000000000011E8	-1.01350628676963961E0
5.62999999999999989E8	-1.01302531857989320E0
5.63999999999999968E8	-1.01255779897254627E0
5.65000000000000036E8	-1.01210373969984002E0
5.66000000000000014E8	-1.01166315326336798E0
5.66999999999999993E8	-1.01123605295922703E0
5.67999999999999972E8	-1.01082245284606786E0
5.68999999999999950E8	-1.01042236776388905E0
5.70000000000000018E8	-1.01003581334286308E0
5.70999999999999996E8	-1.00966280600843628E0
5.72000000000000064E8	-1.00930336297191703E0
5.72999999999999954E8	-1.00895750225412462E0
5.74000000000000021E8	-1.00862524267472597E0
5.75000000000000000E8	-1.00830660386140303E0
5.75999999999999979E8	-1.00800160627064073E0
5.77000000000000046E8	-1.00771027116460821E0
5.77999999999999936E8	-1.00743262064379868E0
5.79000000000000004E8	-1.00716867763793982E0
5.79999999999999982E8	-1.00691846591408285E0
5.81000000000000050E8	-1.00668201008176683E0
5.82000000000000028E8	-1.00645933560771139E0
5.83000000000000007E8	-1.00625046880715230E0
5.83999999999999986E8	-1.00605543686413923E0
5.84999999999999964E8	-1.00587426782355083E0
5.86000000000000032E8	-1.00570699062158941E0
5.87000000000000011E8	-1.00555363506085138E0
5.87999999999999989E8	-1.00541423184439882E0
5.88999999999999968E8	-1.00528881256625668E0
5.90000000000000036E8	-1.00517740972786740E0
5.91000000000000014E8	-1.00508005673452727E0
5.91999999999999993E8	-1.00499678792549529E0
5.92999999999999972E8	-1.00492763854600331E0
5.93999999999999950E8	-1.00487264479631455E0
5.95000000000000018E8	-1.00483184380089696E0
5.95999999999999996E8	-1.00480527364814409E0
5.97000000000000064E8	-1.00479297337308981E0
5.97999999999999954E8	-1.00479498298464454E0
5.99000000000000021E8	-1.00481134346777523E0
6.00000000000000000E8	-1.00484209678479997E0
6.00999999999999979E8	-1.00488728590339549E0
6.02000000000000046E8	-1.00494695478409080E0
6.02999999999999936E8	-1.00502114840251866E0
6.04000000000000004E8	-1.00510991274983019E0
6.04999999999999982E8	-1.00521329485970545E0
6.06000000000000050E8	-1.00533134279696212E0
6.07000000000000028E8	-1.00546410568254130E0
6.08000000000000007E8	-1.00561163369706597E0
6.08999999999999986E8	-1.00577397808739155E0
6.09999999999999964E8	-1.00595119119013332E0
6.11000000000000032E8	-1.00614332643525928E0
6.12000000000000011E8	-1.00635043835233362E0
6.12999999999999989E8	-1.00657258258687299E0
6.13999999999999968E8	-1.00680981591617824E0
6.15000000000000036E8	-1.00706219625354065E0
6.16000000000000014E8	-1.00732978266396911E0
6.16999999999999993E8	-1.00761263536909484E0
6.17999999999999972E8	-1.00791081577147801E0
6.18999999999999950E8	-1.00822438646615042E0
6.20000000000000018E8	-1.00855341124480047E0
6.20999999999999996E8	-1.00889795510437130E0
6.22000000000000064E8	-1.00925808428660302E0
6.22999999999999954E8	-1.00963386625774509E0
6.24000000000000021E8	-1.01002536974922208E0
6.25000000000000000E8	-1.01043266475913507E0
6.25999999999999979E8	-1.01085582256220374E0
6.27000000000000046E8	-1.01129491574873476E0
6.27999999999999936E8	-1.01175001819921828E0
6.29000000000000004E8	-1.01222120514368008E0
6.29999999999999982E8	-1.01270855313622810E0
6.31000000000000050E8	-1.01321214010452820E0
6.32000000000000028E8	-1.01373204534905570E0
6.33000000000000007E8	-1.01426834955921419E0
6.33999999999999986E8	-1.01482113483289460E0
6.34999999999999964E8	-1.01539048469441173E0
6.36000000000000032E8	-1.01597648412356212E0
6.37000000000000011E8	-1.01657921953101282E0
6.37999999999999989E8	-1.01719877884104482E0
6.38999999999999968E8	-1.01783525145214426E0
6.40000000000000036E8	-1.01848872828024239E0
6.40999999999999925E8	-1.01915930179270009E0
6.41999999999999993E8	-1.01984706598188923E0
6.42999999999999972E8	-1.02055211644640886E0
6.44000000000000039E8	-1.02127455035416403E0
6.45000000000000018E8	-1.02201446649574046E0
6.45999999999999908E8	-1.02277196530659653E0
6.47000000000000064E8	-1.02354714886361320E0
6.47999999999999954E8	-1.02434012092134674E0
6.49000000000000021E8	-1.02515098694942886E0
6.50000000000000000E8	-1.02597985412481973E0
6.50999999999999979E8	-1.02682683137917619E0
6.52000000000000046E8	-1.02769202940846327E0
6.52999999999999936E8	-1.02857556070419331E0
6.54000000000000092E8	-1.02947753956908183E0
6.54999999999999982E8	-1.03039808215116668E0
6.55999999999999961E8	-1.03133730646558774E0
6.57000000000000028E8	-1.03229533241293159E0
6.58000000000000007E8	-1.03327228182455277E0
6.59000000000000075E8	-1.03426827846043778E0
6.59999999999999964E8	-1.03528344806454609E0
6.60999999999999943E8	-1.03631791837203036E0
6.62000000000000011E8	-1.03737181914867049E0
6.62999999999999989E8	-1.03844528221748567E0
6.64000000000000057E8	-1.03953844148587038E0
6.65000000000000036E8	-1.04065143297259377E0
6.65999999999999925E8	-1.04178439484427998E0
6.66999999999999993E8	-1.04293746744391091E0
6.67999999999999972E8	-1.04411079331552670E0
6.69000000000000039E8	-1.04530451725143170E0
6.70000000000000018E8	-1.04651878631268014E0
6.70999999999999908E8	-1.04775374986234859E0
6.72000000000000064E8	-1.04900955960817566E0
6.72999999999999954E8	-1.05028636963102762E0
6.74000000000000021E8	-1.05158433641320470E0
6.75000000000000000E8	-1.05290361888884987E0
6.75999999999999979E8	-1.05424437848122543E0
6.77000000000000046E8	-1.05560677911327661E0
6.77999999999999936E8	-1.05699098727964125E0
6.79000000000000092E8	-1.05839717207086847E0
6.79999999999999982E8	-1.05982550520631036E0
6.80999999999999961E8	-1.06127616108756562E0
6.82000000000000028E8	-1.06274931683045759E0
6.83000000000000007E8	-1.06424515230587691E0
6.84000000000000075E8	-1.06576385019107112E0
6.84999999999999964E8	-1.06730559601381381E0
6.85999999999999943E8	-1.06887057818855125E0
6.87000000000000011E8	-1.07045898804726214E0
6.87999999999999989E8	-1.07207101993868070E0
6.89000000000000057E8	-1.07370687120976660E0
6.90000000000000036E8	-1.07536674230066831E0
6.90999999999999925E8	-1.07705083676819058E0
6.91999999999999993E8	-1.07875936134975192E0
6.92999999999999972E8	-1.08049252602155788E0
6.94000000000000039E8	-1.08225054401073351E0
6.95000000000000018E8	-1.08403363190702717E0
6.95999999999999908E8	-1.08584200966420941E0
6.97000000000000064E8	-1.08767590069679931E0
6.97999999999999954E8	-1.08953553190419350E0
6.99000000000000021E8	-1.09142113374793093E0
7.00000000000000000E8	-1.09333294030078010E0
7.00999999999999979E8	-1.09527118931630496E0
7.02000000000000046E8	-1.09723612228004419E0
7.02999999999999936E8	-1.09922798447344650E0
7.04000000000000092E8	-1.10124702504820449E0
7.04999999999999982E8	-1.10329349707527502E0
7.05999999999999961E8	-1.10536765762756595E0
7.07000000000000028E8	-1.10746976783319262E0
7.08000000000000007E8	-1.10960009295564865E0
7.09000000000000075E8	-1.11175890245194275E0
7.09999999999999964E8	-1.11394647005935465E0
7.10999999999999943E8	-1.11616307386400382E0
7.12000000000000011E8	-1.11840899637758295E0
7.12999999999999989E8	-1.12068452459249368E0
7.14000000000000057E8	-1.12298995010195224E0
7.15000000000000036E8	-1.12532556914091031E0
7.15999999999999925E8	-1.12769168268193964E0
7.16999999999999993E8	-1.13008859654311045E0
7.17999999999999972E8	-1.13251662142260101E0
7.19000000000000039E8	-1.13497607302855830E0
7.20000000000000018E8	-1.13746727215210863E0
7.20999999999999908E8	-1.13999054475156036E0
7.22000000000000064E8	-1.14254622206924616E0
7.22999999999999954E8	-1.14513464069226112E0
7.24000000000000021E8	-1.14775614267546522E0
7.25000000000000000E8	-1.15041107563365119E0
7.25999999999999979E8	-1.15309979283415087E0
7.27000000000000046E8	-1.15582265330922573E0
7.27999999999999936E8	-1.15858002197837395E0
7.29000000000000092E8	-1.16137226969587215E0
7.29999999999999982E8	-1.16419977345186876E0
7.30999999999999961E8	-1.16706291638921256E0
7.32000000000000028E8	-1.16996208801036894E0
7.33000000000000007E8	-1.17289768421136831E0
7.34000000000000075E8	-1.17587010746899900E0
7.34999999999999964E8	-1.17887976691805285E0
7.35999999999999943E8	-1.18192707850831402E0
7.37000000000000011E8	-1.18501246510288127E0
7.37999999999999989E8	-1.18813635664972850E0
7.39000000000000057E8	-1.19129919028297659E0
7.40000000000000036E8	-1.19450141045666514E0
7.40999999999999925E8	-1.19774346913398677E0
7.41999999999999993E8	-1.20102582585863238E0
7.42999999999999972E8	-1.20434894797321479E0
7.44000000000000039E8	-1.20771331071916577E0
7.45000000000000018E8	-1.21111939741039087E0
7.45999999999999908E8	-1.21456769960485067E0
7.47000000000000064E8	-1.21805871722754389E0
7.47999999999999954E8	-1.22159295878432950E0
7.49000000000000021E8	-1.22517094148557182E0
7.50000000000000000E8	-1.22879319145137034E0
7.50999999999999979E8	-1.23246024385608477E0
7.52000000000000046E8	-1.23617264316206787E0
7.52999999999999936E8	-1.23993094324744435E0
7.54000000000000092E8	-1.24373570763172192E0
7.54999999999999982E8	-1.24758750964429876E0
7.55999999999999961E8	-1.25148693267032174E0
7.57000000000000028E8	-1.25543457029062999E0
7.58000000000000007E8	-1.25943102653242756E0
7.59000000000000075E8	-1.26347691608152690E0
7.59999999999999964E8	-1.26757286447435158E0
7.60999999999999943E8	-1.27171950834985359E0
7.62000000000000011E8	-1.27591749568254453E0
7.62999999999999989E8	-1.28016748597782160E0
7.64000000000000057E8	-1.28447015054823788E0
7.65000000000000036E8	-1.28882617275161571E0
7.65999999999999925E8	-1.29323624825067784E0
7.66999999999999993E8	-1.29770108525801597E0
7.67999999999999972E8	-1.30222140479241677E0
7.69000000000000039E8	-1.30679794098832813E0
7.70000000000000018E8	-1.31143144134898826E0
7.70999999999999908E8	-1.31612266701294711E0
7.72000000000000064E8	-1.32087239310047266E0
7.72999999999999954E8	-1.32568140895577780E0
7.74000000000000021E8	-1.33055051849791228E0
7.75000000000000000E8	-1.33548054050805476E0
7.75999999999999979E8	-1.34047230897767422E0
7.77000000000000046E8	-1.34552667341795473E0
7.77999999999999936E8	-1.35064449922056395E0
7.79000000000000092E8	-1.35582666796698281E0
7.79999999999999982E8	-1.36107407786367962E0
7.80999999999999961E8	-1.36638764401814283E0
7.82000000000000028E8	-1.37176829887703522E0
7.83000000000000007E8	-1.37721699258887686E0
7.84000000000000075E8	-1.38273469342935296E0
7.84999999999999964E8	-1.38832238814912912E0
7.85999999999999943E8	-1.39398108245021057E0
7.87000000000000011E8	-1.39971180139497053E0
7.87999999999999989E8	-1.40551558982351210E0
7.89000000000000057E8	-1.41139351284553261E0
7.90000000000000036E8	-1.41734665628997081E0
7.90999999999999925E8	-1.42337612716092687E0
7.91999999999999993E8	-1.42948305414614829E0
7.92999999999999972E8	-1.43566858812891218E0
7.94000000000000039E8	-1.44193390266446841E0
7.95000000000000018E8	-1.44828019455674006E0
7.95999999999999908E8	-1.45470868438184464E0
7.97000000000000064E8	-1.46122061703987316E0
7.97999999999999954E8	-1.46781726233851773E0
7.99000000000000021E8	-1.47449991558823967E0
8.00000000000000000E8	-1.48126989818694588E0
8.00999999999999979E8	-1.48812855828557122E0
8.01999999999999957E8	-1.49507727137858382E0
8.02999999999999936E8	-1.50211744099743805E0
8.04000000000000092E8	-1.50925049938699196E0
8.05000000000000071E8	-1.51647790816852623E0
8.05999999999999872E8	-1.52380115909137026E0
8.07000000000000028E8	-1.53122177478437838E0
8.08000000000000007E8	-1.53874130942993359E0
8.08999999999999986E8	-1.54636134964843697E0
8.09999999999999964E8	-1.55408351522454269E0
8.10999999999999943E8	-1.56190945995827324E0
8.12000000000000099E8	-1.56984087253457760E0
8.12999999999999901E8	-1.57787947733410272E0
8.14000000000000057E8	-1.58602703540477696E0
8.15000000000000036E8	-1.59428534533395938E0
8.16000000000000014E8	-1.60265624421632724E0
8.16999999999999993E8	-1.61114160865680711E0
8.17999999999999972E8	-1.61974335571418182E0
8.19000000000000128E8	-1.62846344402640320E0
8.19999999999999929E8	-1.63730387479774220E0
8.20999999999999908E8	-1.64626669298148309E0
8.22000000000000064E8	-1.65535398830528901E0
8.23000000000000043E8	-1.66456789657163173E0
8.24000000000000021E8	-1.67391060074689935E0
8.25000000000000000E8	-1.68338433226077333E0
8.25999999999999979E8	-1.69299137228792151E0
8.26999999999999957E8	-1.70273405304088854E0
8.27999999999999936E8	-1.71261475912085581E0
8.29000000000000092E8	-1.72263592895350115E0
8.30000000000000071E8	-1.73280005621204181E0
8.30999999999999872E8	-1.74310969128151516E0
8.32000000000000028E8	-1.75356744285003674E0
8.33000000000000007E8	-1.76417597943918292E0
8.33999999999999986E8	-1.77493803103481040E0
8.34999999999999964E8	-1.78585639084337555E0
8.35999999999999943E8	-1.79693391694272808E0
8.37000000000000099E8	-1.80817353412014992E0
8.37999999999999901E8	-1.81957823569716570E0
8.39000000000000057E8	-1.83115108547862948E0
8.40000000000000036E8	-1.84289521969478876E0
8.41000000000000014E8	-1.85481384905636060E0
8.41999999999999993E8	-1.86691026083232159E0
8.42999999999999972E8	-1.87918782100728232E0
8.44000000000000128E8	-1.89164997661555456E0
8.44999999999999929E8	-1.90430025792109192E0
8.45999999999999908E8	-1.91714228094954864E0
8.47000000000000064E8	-1.93017974982253393E0
8.48000000000000043E8	-1.94341645946160968E0
8.49000000000000021E8	-1.95685629808801864E0
8.50000000000000000E8	-1.97050325005503257E0
8.50999999999999979E8	-1.98436139864287764E0
8.51999999999999957E8	-1.99843492891954089E0
8.52999999999999936E8	-2.01272813088864755E0
8.54000000000000092E8	-2.02724540247358354E0
8.55000000000000071E8	-2.04199125281579752E0
8.55999999999999872E8	-2.05697030566095762E0
8.57000000000000028E8	-2.07218730273080931E0
8.58000000000000007E8	-2.08764710735529668E0
8.58999999999999986E8	-2.10335470819640635E0
8.59999999999999964E8	-2.11931522301892716E0
8.60999999999999943E8	-2.13553390271013122E0
8.62000000000000099E8	-2.15201613546814174E0
8.62999999999999901E8	-2.16876745089491108E0
8.64000000000000057E8	-2.18579352458512011E0
8.65000000000000036E8	-2.20310018259956930E0
8.66000000000000014E8	-2.22069340623798128E0
8.66999999999999993E8	-2.23857933701419132E0
8.67999999999999972E8	-2.25676428165960541E0
8.69000000000000128E8	-2.27525471748614416E0
8.69999999999999929E8	-2.29405729784990564E0
8.70999999999999908E8	-2.31317885782677735E0
8.72000000000000064E8	-2.33262642013466959E0
8.73000000000000043E8	-2.35240720130718994E0
8.74000000000000021E8	-2.37252861795360603E0
8.75000000000000000E8	-2.39299829342748138E0
8.75999999999999979E8	-2.41382406469964339E0
8.76999999999999957E8	-2.43501398947503267E0
8.77999999999999936E8	-2.45657635351958659E0
8.79000000000000092E8	-2.47851967848259092E0
8.80000000000000071E8	-2.50085272979650508E0
8.80999999999999872E8	-2.52358452496730790E0
8.82000000000000028E8	-2.54672434231683376E0
8.83000000000000007E8	-2.57028172983686609E0
8.83999999999999986E8	-2.59426651467857150E0
8.84999999999999964E8	-2.61868881280653598E0
8.85999999999999943E8	-2.64355903904822664E0
8.87000000000000099E8	-2.66888791778037193E0
8.87999999999999901E8	-2.69468649380029124E0
8.89000000000000057E8	-2.72096614379594737E0
8.90000000000000036E8	-2.74773858826264084E0
8.91000000000000014E8	-2.77501590388773378E0
8.91999999999999993E8	-2.80281053651164624E0
8.92999999999999972E8	-2.83113531464506263E0
8.94000000000000128E8	-2.86000346341041256E0
8.94999999999999929E8	-2.88942861943552520E0
8.95999999999999908E8	-2.91942484600650465E0
8.97000000000000064E8	-2.95000664914111166E0
8.98000000000000043E8	-2.98118899431482376E0
8.99000000000000021E8	-3.01298732386308066E0
9.00000000000000000E8	-3.04541757519380951E0
9.00999999999999979E8	-3.07849620003021851E0
9.01999999999999957E8	-3.11224018411743053E0
9.02999999999999936E8	-3.14666706827527021E0
9.04000000000000092E8	-3.18179497017522905E0
9.05000000000000071E8	-3.21764260712210692E0
9.05999999999999872E8	-3.25422932008396559E0
9.07000000000000028E8	-3.29157509879110677E0
9.08000000000000007E8	-3.32970060801900614E0
9.08999999999999986E8	-3.36862721508710461E0
9.09999999999999964E8	-3.40837701892775069E0
9.10999999999999943E8	-3.44897288028157423E0
9.12000000000000099E8	-3.49043845384307039E0
9.12999999999999901E8	-3.53279822147321676E0
9.14000000000000057E8	-3.57607752768509624E0
9.15000000000000036E8	-3.62030261651375973E0
9.16000000000000014E8	-3.66550067056309148E0
9.16999999999999993E8	-3.71169985202555397E0
9.17999999999999972E8	-3.75892934592582062E0
9.19000000000000128E8	-3.80721940569809636E0
9.19999999999999929E8	-3.85660140126445850E0
9.20999999999999908E8	-3.90710786964946255E0
9.22000000000000064E8	-3.95877256867300842E0
9.23000000000000043E8	-4.01163053345192999E0
9.24000000000000021E8	-4.06571813633962087E0
9.25000000000000000E8	-4.12107315024439202E0
9.25999999999999979E8	-4.17773481553522252E0
9.26999999999999957E8	-4.23574391131243644E0
9.27999999999999936E8	-4.29514283078795334E0
9.29000000000000092E8	-4.35597566115927393E0
9.30000000000000071E8	-4.41828826871107783E0
9.30999999999999872E8	-4.48212838915240841E0
9.32000000000000028E8	-4.54754572385909217E0
9.33000000000000007E8	-4.61459204216349494E0
9.33999999999999986E8	-4.68332129086723814E0
9.34999999999999964E8	-4.75378971047276089E0
9.35999999999999943E8	-4.82605595999847115E0
9.37000000000000099E8	-4.90018124996405025E0
9.37999999999999901E8	-4.97622948516514008E0
9.39000000000000057E8	-5.05426741731261053E0
9.40000000000000036E8	-5.13436480909830095E0
9.41000000000000014E8	-5.21659461038911676E0
9.41999999999999993E8	-5.30103314767374467E0
9.42999999999999972E8	-5.38776032824444684E0
9.44000000000000128E8	-5.47685986015765458E0
9.44999999999999929E8	-5.56841949011491089E0
9.45999999999999908E8	-5.66253126025865861E0
9.47000000000000064E8	-5.75929178675613151E0
9.48000000000000043E8	-5.85880256170233693E0
9.49000000000000021E8	-5.96117028102843172E0
9.50000000000000000E8	-6.06650720137500432E0
9.50999999999999979E8	-6.17493152915267984E0
9.51999999999999957E8	-6.28656784491429921E0
9.52999999999999936E8	-6.40154756794292457E0
9.54000000000000092E8	-6.52000946485684807E0
9.55000000000000071E8	-6.64210020799914957E0
9.55999999999999872E8	-6.76797498999772795E0
9.57000000000000028E8	-6.89779820005738387E0
9.58000000000000007E8	-7.03174417225556514E0
9.58999999999999986E8	-7.16999801217726240E0
9.59999999999999964E8	-7.31275651534357429E0
9.60999999999999943E8	-7.46022918703349713E0
9.62000000000000099E8	-7.61263938010552721E0
9.62999999999999901E8	-7.77022556512234353E0
9.64000000000000057E8	-7.93324275447950722E0
9.65000000000000036E8	-8.10196410106571818E0
9.66000000000000014E8	-8.27668269985615623E0
9.66999999999999993E8	-8.45771362285494988E0
9.67999999999999972E8	-8.64539622554067400E0
9.69000000000000128E8	-8.84009676971733249E0
9.69999999999999929E8	-9.04221141455852617E0
9.70999999999999908E8	-9.25216964183673696E0
9.72000000000000064E8	-9.47043819135163290E0
9.73000000000000043E8	-9.69752560087881754E0
9.74000000000000021E8	-9.93398746479387995E0
9.75000000000000000E8	-1.01804325517064509E1
9.75999999999999979E8	-1.04375299530422327E1
9.76999999999999957E8	-1.07060174788289109E1
9.77999999999999936E8	-1.09867115651170844E1
9.79000000000000092E8	-1.12805190330080074E1
9.80000000000000071E8	-1.15884511205025653E1
9.80999999999999872E8	-1.19116403333665088E1
9.82000000000000028E8	-1.22513608103951754E1
9.83000000000000007E8	-1.26090531053270527E1
9.83999999999999986E8	-1.29863545693354432E1
9.84999999999999964E8	-1.33851368871206522E1
9.85999999999999943E8	-1.38075528427343630E1
9.87000000000000099E8	-1.42560950982264933E1
9.87999999999999901E8	-1.47336707657227084E1
9.89000000000000057E8	-1.52436969460811800E1
9.90000000000000036E8	-1.57902243788198238E1
9.91000000000000014E8	-1.63780991259551589E1
9.91999999999999993E8	-1.70131761020790551E1
9.92999999999999972E8	-1.77026035523843062E1
9.94000000000000128E8	-1.84552042602034172E1
9.94999999999999929E8	-1.92819859968249796E1
9.95999999999999908E8	-2.01968144448437537E1
9.97000000000000064E8	-2.12172547497057007E1
9.98000000000000043E8	-2.23654584873398710E1
9.99000000000000021E8	-2.36684858917553731E1
1.00000000000000000E9	-2.51557158076635456E1
1.00099999999999989E9	-2.68448885621101851E1
1.00200000000000000E9	-2.86883806325277035E1
1.00299999999999989E9	-3.04105109146223151E1
1.00400000000000000E9	-3.12859581778330176E1
1.00500000000000012E9	-3.06647236134807821E1
1.00599999999999978E9	-2.90092071247475758E1
1.00700000000000012E9	-2.71194413979850557E1
1.00800000000000001E9	-2.53534414849777789E1
1.00899999999999990E9	-2.37881179524544617E1
1.01000000000000001E9	-2.24127441569137931E1
1.01099999999999990E9	-2.11985700471787242E1
1.01200000000000001E9	-2.01176749213815764E1
1.01299999999999990E9	-1.91468854125478716E1
1.01400000000000001E9	-1.82677673395548190E1
1.01500000000000012E9	-1.74657775106935942E1
1.01600000000000001E9	-1.67293941950811531E1
1.01699999999999990E9	-1.60494071510096314E1
1.01800000000000002E9	-1.54183754087797276E1
1.01900000000000013E9	-1.48302216681193766E1
1.02000000000000002E9	-1.42799297804900660E1
1.02099999999999991E9	-1.37633180232956942E1
1.02200000000000002E9	-1.32768677579732430E1
1.02300000000000013E9	-1.28175926712131183E1
1.02400000000000002E9	-1.23829379585518495E1
1.02499999999999991E9	-1.19707017995951315E1
1.02600000000000002E9	-1.15789735872758381E1
1.02699999999999991E9	-1.12060848788464407E1
1.02800000000000002E9	-1.08505700999912946E1
1.02900000000000014E9	-1.05111347966273549E1
1.03000000000000003E9	-1.01866297830707087E1
1.03099999999999992E9	-9.87602993540479268E0
1.03200000000000003E9	-9.57841667458219170E0
1.03299999999999992E9	-9.29296340362158446E0
1.03400000000000003E9	-9.01892332693533838E0
1.03499999999999992E9	-8.75561920425874796E0
1.03600000000000003E9	-8.50243468531800239E0
1.03700000000000014E9	-8.25880694548227545E0
1.03799999999999981E9	-8.02422039654303632E0
1.03900000000000015E9	-7.79820129242114657E0
1.04000000000000004E9	-7.58031308281626703E0
1.04099999999999993E9	-7.37015239544597467E0
1.04200000000000004E9	-7.16734554836588877E0
1.04299999999999993E9	-6.97154551276695855E0
1.04400000000000004E9	-6.78242925770049165E0
1.04499999999999993E9	-6.59969542252315211E0
1.04599999999999982E9	-6.42306226993254015E0
1.04700000000000015E9	-6.25226588016594143E0
1.04800000000000004E9	-6.08705855414080599E0
1.04899999999999993E9	-5.92720739737188929E0
1.05000000000000004E9	-5.77249306057990719E0
1.05099999999999993E9	-5.62270861738433858E0
1.05200000000000005E9	-5.47765856132509921E0
1.05299999999999994E9	-5.33715790793617284E0
1.05400000000000005E9	-5.20103138842589185E0
1.05500000000000016E9	-5.06911272433170002E0
1.05599999999999983E9	-4.94124397369948909E0
1.05699999999999994E9	-4.81727494030513892E0
1.05800000000000005E9	-4.69706263844226335E0
1.05899999999999994E9	-4.58047080798933948E0
1.06000000000000005E9	-4.46736947263286233E0
1.06099999999999994E9	-4.35763453823196389E0
1.06200000000000006E9	-4.25114742576153581E0
1.06299999999999994E9	-4.14779473557897571E0
1.06400000000000006E9	-4.04746794003207810E0
1.06499999999999995E9	-3.95006310081511058E0
1.06600000000000006E9	-3.85548060933888426E0
1.06699999999999995E9	-3.76362494716156570E0
1.06800000000000006E9	-3.67440446491948292E0
1.06900000000000017E9	-3.58773117772581251E0
1.06999999999999984E9	-3.50352057548369356E0
1.07099999999999995E9	-3.42169144686718951E0
1.07200000000000006E9	-3.34216571577518273E0
1.07299999999999995E9	-3.26486828835888021E0
1.07400000000000007E9	-3.18972691081176229E0
1.07499999999999996E9	-3.11667203651553848E0
1.07600000000000007E9	-3.04563670083440430E0
1.07699999999999996E9	-2.97655640466064186E0
1.07799999999999985E9	-2.90936900433877188E0
1.07900000000000018E9	-2.84401460847873588E0
1.08000000000000007E9	-2.78043548067009372E0
1.08099999999999996E9	-2.71857594758566101E0
1.08200000000000007E9	-2.65838231243586343E0
1.08299999999999996E9	-2.59980277285922101E0
1.08400000000000007E9	-2.54278734331906442E0
1.08499999999999996E9	-2.48728778154468166E0
1.08599999999999985E9	-2.43325751866361850E0
1.08700000000000019E9	-2.38065159279345950E0
1.08799999999999986E9	-2.32942658609936215E0
1.08899999999999997E9	-2.27954056458286303E0
1.09000000000000008E9	-2.23095302091236247E0
1.09099999999999997E9	-2.18362481987319867E0
1.09200000000000008E9	-2.13751814637186133E0
1.09299999999999997E9	-2.09259645553826878E0
1.09400000000000008E9	-2.04882442546627441E0
1.09499999999999997E9	-2.00616791158476993E0
1.09599999999999986E9	-1.96459390316481719E0
1.09699999999999998E9	-1.92407048188733998E0
1.09800000000000009E9	-1.88456678182592086E0
1.09899999999999998E9	-1.84605295127940838E0
1.10000000000000009E9	-1.80850011605652616E0
1.10099999999999998E9	-1.77188034438726838E0
1.10199999999999987E9	-1.73616661328182786E0
1.10299999999999998E9	-1.70133277590821663E0
1.10400000000000009E9	-1.66735353074380233E0
1.10499999999999998E9	-1.63420439147312857E0
1.10599999999999987E9	-1.60186165842443695E0
1.10699999999999998E9	-1.57030239084981793E0
1.10800000000000010E9	-1.53950438048418681E0
1.10899999999999999E9	-1.50944612593875149E0
1.10999999999999988E9	-1.48010680812789563E0
1.11099999999999999E9	-1.45146626669566903E0
1.11200000000000010E9	-1.42350497720470481E0
1.11299999999999999E9	-1.39620402928197551E0
1.11400000000000010E9	-1.36954510550398645E0
1.11499999999999999E9	-1.34351046107257810E0
1.11600000000000010E9	-1.31808290439929099E0
1.11699999999999999E9	-1.29324577804433827E0
1.11799999999999988E9	-1.26898294077212670E0
1.11900000000000022E9	-1.24527874990894039E0
1.11999999999999988E9	-1.22211804463998508E0
1.12100000000000000E9	-1.19948612964405932E0
1.12200000000000011E9	-1.17736875953629427E0
1.12300000000000000E9	-1.15575212372756075E0
1.12400000000000011E9	-1.13462283187899349E0
1.12500000000000000E9	-1.11396789992607603E0
1.12599999999999989E9	-1.09377473646978896E0
1.12700000000000000E9	-1.07403112984789906E0
1.12799999999999989E9	-1.05472523543889740E0
1.12900000000000000E9	-1.03584556366587432E0
1.13000000000000012E9	-1.01738096815407042E0
1.13099999999999978E9	-9.99320634547411402E-1
1.13200000000000012E9	-9.81654069562069154E-1
1.13300000000000001E9	-9.64371090523541241E-1
1.13399999999999990E9	-9.47461815206631286E-1
1.13500000000000001E9	-9.30916652039991277E-1
1.13599999999999990E9	-9.14726290708979128E-1
1.13700000000000001E9	-8.98881692946680566E-1
1.13799999999999990E9	-8.83374083940996968E-1
1.13900000000000001E9	-8.68194943592490276E-1
1.14000000000000012E9	-8.53335998510718774E-1
1.14100000000000001E9	-8.38789214035154984E-1
1.14199999999999990E9	-8.24546786612719984E-1
1.14300000000000002E9	-8.10601136380341103E-1
1.14400000000000013E9	-7.96944900125567735E-1
1.14500000000000002E9	-7.83570924390119039E-1
1.14599999999999991E9	-7.70472258725273207E-1
1.14700000000000002E9	-7.57642149460090408E-1
1.14800000000000013E9	-7.45074033377241651E-1
1.14900000000000002E9	-7.32761531765526541E-1
1.14999999999999991E9	-7.20698444659853532E-1
1.15100000000000002E9	-7.08878745241719788E-1
1.15199999999999991E9	-6.97296574453050244E-1
1.15300000000000002E9	-6.85946235794202330E-1
1.15400000000000014E9	-6.74822190255364873E-1
1.15500000000000003E9	-6.63919051485914924E-1
1.15599999999999992E9	-6.53231581076722811E-1
1.15700000000000003E9	-6.42754684041009750E-1
1.15799999999999992E9	-6.32483404369757363E-1
1.15900000000000003E9	-6.22412920824523574E-1
1.15999999999999992E9	-6.12538542822728882E-1
1.16100000000000003E9	-6.02855706512110512E-1
1.16200000000000014E9	-5.93359970819330584E-1
1.16299999999999981E9	-5.84047013864790099E-1
1.16400000000000015E9	-5.74912629303896949E-1
1.16500000000000004E9	-5.65952722903036332E-1
1.16599999999999993E9	-5.57163309119235883E-1
1.16700000000000004E9	-5.48540507898936980E-1
1.16799999999999993E9	-5.40080541580208617E-1
1.16900000000000004E9	-5.31779731750438245E-1
1.16999999999999993E9	-5.23634496389340320E-1
1.17099999999999982E9	-5.15641347028733321E-1
1.17200000000000015E9	-5.07796885920532404E-1
1.17300000000000004E9	-5.00097803482124625E-1
1.17399999999999993E9	-4.92540875629156361E-1
1.17500000000000004E9	-4.85122961349496862E-1
1.17599999999999993E9	-4.77841000237288327E-1
1.17700000000000005E9	-4.70692010186763632E-1
1.17799999999999994E9	-4.63673085131755336E-1
1.17900000000000005E9	-4.56781392848324330E-1
1.18000000000000016E9	-4.50014172815614621E-1
1.18099999999999983E9	-4.43368734195191827E-1
1.18199999999999994E9	-4.36842453826653276E-1
1.18300000000000005E9	-4.30432774301796783E-1
1.18399999999999994E9	-4.24137202087444543E-1
1.18500000000000005E9	-4.17953305758860161E-1
1.18599999999999994E9	-4.11878714208316854E-1
1.18700000000000006E9	-4.05911114933620443E-1
1.18799999999999994E9	-4.00048252474074673E-1
1.18900000000000006E9	-3.94287926736455763E-1
1.18999999999999995E9	-3.88627991491934122E-1
1.19100000000000006E9	-3.83066352870763671E-1
1.19199999999999995E9	-3.77600967915966867E-1
1.19300000000000006E9	-3.72229843192149534E-1
1.19400000000000017E9	-3.66951033379139258E-1
1.19499999999999984E9	-3.61762639980646217E-1
1.19599999999999995E9	-3.56662810095966343E-1
1.19700000000000006E9	-3.51649735042069711E-1
1.19799999999999995E9	-3.46721649315664049E-1
1.19900000000000007E9	-3.41876829301487950E-1
1.19999999999999996E9	-3.37113592178797017E-1
1.20100000000000007E9	-3.32430294848896679E-1
1.20199999999999996E9	-3.27825332831135841E-1
1.20299999999999985E9	-3.23297139245969412E-1
1.20400000000000018E9	-3.18844183840253681E-1
1.20500000000000007E9	-3.14464971924673931E-1
1.20599999999999996E9	-3.10158043554986040E-1
1.20700000000000007E9	-3.05921972521722019E-1
1.20799999999999996E9	-3.01755365466720438E-1
1.20900000000000007E9	-2.97656861084782687E-1
1.20999999999999996E9	-2.93625129216519110E-1
1.21099999999999985E9	-2.89658870070867991E-1
1.21200000000000019E9	-2.85756813413624799E-1
1.21299999999999986E9	-2.81917717826422365E-1
1.21399999999999997E9	-2.78140369950940558E-1
1.21500000000000008E9	-2.74423583728623965E-1
1.21599999999999997E9	-2.70766199777294103E-1
1.21700000000000008E9	-2.67167084624692741E-1
1.21799999999999997E9	-2.63625130112231520E-1
1.21900000000000008E9	-2.60139252705099366E-1
1.21999999999999997E9	-2.56708392887374393E-1
1.22099999999999986E9	-2.53331514546929482E-1
1.22199999999999998E9	-2.50007604407498896E-1
1.22300000000000009E9	-2.46735671410893476E-1
1.22399999999999998E9	-2.43514746199918264E-1
1.22500000000000009E9	-2.40343880552658495E-1
1.22599999999999998E9	-2.37222146860573568E-1
1.22699999999999987E9	-2.34148637635514545E-1
1.22799999999999998E9	-2.31122464981119480E-1
1.22900000000000009E9	-2.28142760116050791E-1
1.22999999999999998E9	-2.25208672921754127E-1
1.23099999999999987E9	-2.22319371463899618E-1
1.23199999999999998E9	-2.19474041561147493E-1
1.23300000000000010E9	-2.16671886337013442E-1
1.23399999999999999E9	-2.13912125821455623E-1
1.23499999999999988E9	-2.11193996517324756E-1
1.23599999999999999E9	-2.08516751005061129E-1
1.23700000000000010E9	-2.05879657584392906E-1
1.23799999999999999E9	-2.03281999851108308E-1
1.23900000000000010E9	-2.00723076354077756E-1
1.23999999999999999E9	-1.98202200262931338E-1
1.24100000000000010E9	-1.95718698961345727E-1
1.24199999999999999E9	-1.93271913759221414E-1
1.24299999999999988E9	-1.90861199537547144E-1
1.24400000000000022E9	-1.88485924448066022E-1
1.24499999999999988E9	-1.86145469582939316E-1
1.24600000000000000E9	-1.83839228668298693E-1
1.24700000000000011E9	-1.81566607788164180E-1
1.24800000000000000E9	-1.79327025073929658E-1
1.24900000000000011E9	-1.77119910453820095E-1
1.25000000000000000E9	-1.74944705342148810E-1
1.25099999999999989E9	-1.72800862394917298E-1
1.25200000000000000E9	-1.70687845262038485E-1
1.25299999999999989E9	-1.68605128302823903E-1
1.25400000000000000E9	-1.66552196366089378E-1
1.25500000000000012E9	-1.64528544543375177E-1
1.25599999999999978E9	-1.62533677941008614E-1
1.25700000000000012E9	-1.60567111422726105E-1
1.25800000000000001E9	-1.58628369439192607E-1
1.25899999999999990E9	-1.56716985761126448E-1
1.26000000000000001E9	-1.54832503315104675E-1
1.26099999999999990E9	-1.52974473935796240E-1
1.26200000000000001E9	-1.51142458193271567E-1
1.26299999999999990E9	-1.49336025194433830E-1
1.26400000000000001E9	-1.47554752374875697E-1
1.26500000000000012E9	-1.45798225349030375E-1
1.26600000000000001E9	-1.44066037685633042E-1
1.26699999999999990E9	-1.42357790766960113E-1
1.26800000000000002E9	-1.40673093611193045E-1
1.26900000000000013E9	-1.39011562680511913E-1
1.27000000000000002E9	-1.37372821743765550E-1
1.27099999999999991E9	-1.35756501706917665E-1
1.27200000000000002E9	-1.34162240465028315E-1
1.27300000000000013E9	-1.32589682738255887E-1
1.27400000000000002E9	-1.31038479933553109E-1
1.27499999999999991E9	-1.29508290002578708E-1
1.27600000000000002E9	-1.27998777280952347E-1
1.27699999999999991E9	-1.26509612380794922E-1
1.27800000000000002E9	-1.25040472032968308E-1
1.27900000000000014E9	-1.23591038972052014E-1
1.28000000000000003E9	-1.22161001793977153E-1
1.28099999999999992E9	-1.20750054850807809E-1
1.28199999999999981E9	-1.19357898104589699E-1
1.28300000000000014E9	-1.17984237023263594E-1
1.28400000000000003E9	-1.16628782473232473E-1
1.28499999999999992E9	-1.15291250584801364E-1
1.28600000000000003E9	-1.13971362660213194E-1
1.28699999999999992E9	-1.12668845055741618E-1
1.28800000000000003E9	-1.11383429079270835E-1
1.28900000000000015E9	-1.10114850889943439E-1
1.29000000000000004E9	-1.08862851388120596E-1
1.29099999999999993E9	-1.07627176136253166E-1
1.29199999999999982E9	-1.06407575238303331E-1
1.29300000000000015E9	-1.05203803272637275E-1
1.29400000000000004E9	-1.04015619173490337E-1
1.29499999999999993E9	-1.02842786162399080E-1
1.29599999999999982E9	-1.01685071660482862E-1
1.29699999999999993E9	-1.00542247185385447E-1
1.29800000000000004E9	-9.94140882830400763E-2
1.29899999999999993E9	-9.83003744393316126E-2
1.30000000000000004E9	-9.72008890123293945E-2
1.30099999999999993E9	-9.61154191482608056E-2
1.30200000000000005E9	-9.50437556841235676E-2
1.30300000000000016E9	-9.39856931181764921E-2
1.30400000000000005E9	-9.29410294838710449E-2
1.30500000000000016E9	-9.19095663386454653E-2
1.30599999999999983E9	-9.08911086398465784E-2
1.30699999999999994E9	-8.98854647096047010E-2
1.30800000000000027E9	-8.88924461526780263E-2
1.30899999999999994E9	-8.79118678084695127E-2
1.31000000000000005E9	-8.69435476709289645E-2
1.31099999999999994E9	-8.59873068336808899E-2
1.31199999999999983E9	-8.50429694263048752E-2
1.31300000000000017E9	-8.41103625677255806E-2
1.31400000000000006E9	-8.31893162853640966E-2
1.31499999999999995E9	-8.22796634840518237E-2
1.31600000000000006E9	-8.13812398610824062E-2
1.31699999999999973E9	-8.04938838932192979E-2
1.31800000000000006E9	-7.96174367353535306E-2
1.31900000000000017E9	-7.87517422076008611E-2
1.31999999999999984E9	-7.78966467255798545E-2
1.32099999999999995E9	-7.70519992564802791E-2
1.32199999999999984E9	-7.62176512668571426E-2
1.32299999999999995E9	-7.53934566763514358E-2
1.32400000000000007E9	-7.45792718135081412E-2
1.32499999999999996E9	-7.37749553718044560E-2
1.32600000000000007E9	-7.29803683556350613E-2
1.32699999999999996E9	-7.21953740467269434E-2
1.32800000000000007E9	-7.14198379633622071E-2
1.32900000000000018E9	-7.06536278068454493E-2
1.33000000000000007E9	-6.98966134208244849E-2
1.33099999999999996E9	-6.91486667725509108E-2
1.33199999999999985E9	-6.84096618886487295E-2
1.33300000000000018E9	-6.76794748261237089E-2
1.33400000000000007E9	-6.69579836451558741E-2
1.33499999999999996E9	-6.62450683475075497E-2
1.33599999999999985E9	-6.55406108707566748E-2
1.33699999999999997E9	-6.48444950273617238E-2
1.33800000000000008E9	-6.41566064872081565E-2
1.33899999999999997E9	-6.34768327337718041E-2
1.34000000000000008E9	-6.28050630331664372E-2
1.34099999999999997E9	-6.21411884085494304E-2
1.34199999999999986E9	-6.14851016007473294E-2
1.34300000000000019E9	-6.08366970325209255E-2
1.34400000000000008E9	-6.01958707984773156E-2
1.34499999999999997E9	-5.95625206105949623E-2
1.34599999999999986E9	-5.89365457844883256E-2
1.34699999999999998E9	-5.83178472026145922E-2
1.34800000000000009E9	-5.77063272967996088E-2
1.34899999999999998E9	-5.71018900049461919E-2
1.35000000000000009E9	-5.65044407647431779E-2
1.35099999999999998E9	-5.59138864593223506E-2
1.35199999999999987E9	-5.53301354277372148E-2
1.35300000000000020E9	-5.47530974011443128E-2
1.35400000000000009E9	-5.41826835033853271E-2
1.35499999999999998E9	-5.36188062249271979E-2
1.35599999999999987E9	-5.30613793798342570E-2
1.35699999999999976E9	-5.25103181149158260E-2
1.35800000000000010E9	-5.19655388494541803E-2
1.35899999999999999E9	-5.14269592852249513E-2
1.35999999999999988E9	-5.08944983607371082E-2
1.36099999999999999E9	-5.03680762453140396E-2
1.36199999999999988E9	-4.98476143056348597E-2
1.36299999999999999E9	-4.93330351011275425E-2
1.36400000000000010E9	-4.88242623441347057E-2
1.36499999999999999E9	-4.83212208939275456E-2
1.36600000000000010E9	-4.78238367328786307E-2
1.36699999999999977E9	-4.73320369487232018E-2
1.36800000000000010E9	-4.68457497063724126E-2
1.36900000000000022E9	-4.63649042444517878E-2
1.36999999999999988E9	-4.58894308505700721E-2
1.37100000000000000E9	-4.54192608374635842E-2
1.37199999999999989E9	-4.49543265332341235E-2
1.37300000000000000E9	-4.44945612657626466E-2
1.37400000000000011E9	-4.40398993348502277E-2
1.37500000000000000E9	-4.35902760087698926E-2
1.37599999999999989E9	-4.31456275027148806E-2
1.37700000000000000E9	-4.27058909572393031E-2
1.37800000000000011E9	-4.22710044361102355E-2
1.37900000000000000E9	-4.18409068949148999E-2
1.38000000000000012E9	-4.14155381804480882E-2
1.38099999999999978E9	-4.09948390062134571E-2
1.38199999999999990E9	-4.05787509445877603E-2
1.38300000000000023E9	-4.01672164073630444E-2
1.38399999999999990E9	-3.97601786346883079E-2
1.38500000000000001E9	-3.93575816849942850E-2
1.38599999999999990E9	-3.89593704105064509E-2
1.38700000000000001E9	-3.85654904584680835E-2
1.38800000000000012E9	-3.81758882482189810E-2
1.38900000000000001E9	-3.77905109604173273E-2
1.39000000000000012E9	-3.74093065275982717E-2
1.39100000000000001E9	-3.70322236182887776E-2
1.39199999999999990E9	-3.66592116306824689E-2
1.39300000000000024E9	-3.62902206728863419E-2
1.39400000000000013E9	-3.59252015588999996E-2
1.39500000000000002E9	-3.55641057884536993E-2
1.39599999999999991E9	-3.52068855548255311E-2
1.39699999999999980E9	-3.48534937043882831E-2
1.39800000000000013E9	-3.45038837507788365E-2
1.39900000000000002E9	-3.41580098566307910E-2
1.39999999999999991E9	-3.38158268195807343E-2
1.40100000000000002E9	-3.34772900643887938E-2
1.40199999999999991E9	-3.31423556393797902E-2
1.40300000000000002E9	-3.28109801916433064E-2
1.40400000000000014E9	-3.24831209741903049E-2
1.40500000000000003E9	-3.21587358274818280E-2
1.40599999999999992E9	-3.18377831689156610E-2
1.40699999999999981E9	-3.15202219900982961E-2
1.40800000000000014E9	-3.12060118399803299E-2
1.40900000000000003E9	-3.08951128254030571E-2
1.40999999999999992E9	-3.05874855955227876E-2
1.41100000000000003E9	-3.02830913332910701E-2
1.41199999999999992E9	-2.99818917510424399E-2
1.41300000000000003E9	-2.96838490824678303E-2
1.41400000000000015E9	-2.93889260680938058E-2
1.41500000000000004E9	-2.90970859523315761E-2
1.41599999999999993E9	-2.88082924832766540E-2
1.41699999999999982E9	-2.85225098853754178E-2
1.41800000000000015E9	-2.82397028726911747E-2
1.41900000000000004E9	-2.79598366264421871E-2
1.41999999999999993E9	-2.76828767956940380E-2
1.42099999999999982E9	-2.74087894917241437E-2
1.42199999999999993E9	-2.71375412727900578E-2
1.42300000000000004E9	-2.68690991455467731E-2
1.42399999999999993E9	-2.66034305530365112E-2
1.42500000000000004E9	-2.63405033701909019E-2
1.42599999999999993E9	-2.60802858978873875E-2
1.42700000000000005E9	-2.58227468557553674E-2
1.42800000000000016E9	-2.55678553728261271E-2
1.42900000000000005E9	-2.53155809898723660E-2
1.43000000000000016E9	-2.50658936432842161E-2
1.43099999999999983E9	-2.48187636660876532E-2
1.43199999999999994E9	-2.45741617749383323E-2
1.43300000000000027E9	-2.43320590761215172E-2
1.43399999999999994E9	-2.40924270497264192E-2
1.43500000000000005E9	-2.38552375444711817E-2
1.43599999999999994E9	-2.36204627770855868E-2
1.43699999999999983E9	-2.33880753240130757E-2
1.43800000000000017E9	-2.31580481175023234E-2
1.43900000000000006E9	-2.29303544375084556E-2
1.43999999999999995E9	-2.27049679134296323E-2
1.44100000000000006E9	-2.24818625080183399E-2
1.44199999999999973E9	-2.22610125230647427E-2
1.44300000000000006E9	-2.20423925867048132E-2
1.44400000000000017E9	-2.18259776561124674E-2
1.44499999999999984E9	-2.16117430021328127E-2
1.44599999999999995E9	-2.13996642188616315E-2
1.44699999999999984E9	-2.11897172075076590E-2
1.44799999999999995E9	-2.09818781753118966E-2
1.44900000000000007E9	-2.07761236320783471E-2
1.44999999999999996E9	-2.05724303816284326E-2
1.45100000000000007E9	-2.03707755284201886E-2
1.45199999999999996E9	-2.01711364655308634E-2
1.45300000000000007E9	-1.99734908614616735E-2
1.45400000000000018E9	-1.97778166743111217E-2
1.45500000000000007E9	-1.95840921378990407E-2
1.45599999999999996E9	-1.93922957583725930E-2
1.45699999999999985E9	-1.92024063087160002E-2
1.45800000000000018E9	-1.90144028284618249E-2
1.45900000000000007E9	-1.88282646207711890E-2
1.45999999999999996E9	-1.86439712454867768E-2
1.46099999999999985E9	-1.84615025134220900E-2
1.46199999999999997E9	-1.82808384896959319E-2
1.46300000000000008E9	-1.81019594849932863E-2
1.46399999999999997E9	-1.79248460546730715E-2
1.46500000000000008E9	-1.77494789934709196E-2
1.46599999999999997E9	-1.75758393297543680E-2
1.46699999999999986E9	-1.74039083312571785E-2
1.46800000000000019E9	-1.72336674915732657E-2
1.46900000000000008E9	-1.70650985333390226E-2
1.46999999999999997E9	-1.68981834006721043E-2
1.47099999999999986E9	-1.67329042629406910E-2
1.47199999999999998E9	-1.65692435025344720E-2
1.47300000000000009E9	-1.64071837178443092E-2
1.47399999999999998E9	-1.62467077196225063E-2
1.47500000000000009E9	-1.60877985283627423E-2
1.47599999999999998E9	-1.59304393665927302E-2
1.47699999999999987E9	-1.57746136657786762E-2
1.47800000000000020E9	-1.56203050515870823E-2
1.47900000000000009E9	-1.54674973510096869E-2
1.47999999999999998E9	-1.53161745847999442E-2
1.48099999999999987E9	-1.51663209658376275E-2
1.48199999999999976E9	-1.50179208983086765E-2
1.48300000000000010E9	-1.48709589679129550E-2
1.48399999999999999E9	-1.47254199525444140E-2
1.48499999999999988E9	-1.45812888057157308E-2
1.48599999999999999E9	-1.44385506643596662E-2
1.48699999999999988E9	-1.42971908394524427E-2
1.48799999999999999E9	-1.41571948192804808E-2
1.48900000000000010E9	-1.40185482620208646E-2
1.48999999999999999E9	-1.38812369999938201E-2
1.49100000000000010E9	-1.37452470257959702E-2
1.49199999999999977E9	-1.36105645054075297E-2
1.49300000000000010E9	-1.34771757646730350E-2
1.49400000000000022E9	-1.33450672900421763E-2
1.49499999999999988E9	-1.32142257271477237E-2
1.49600000000000000E9	-1.30846378793445783E-2
1.49699999999999989E9	-1.29562907030556618E-2
1.49800000000000000E9	-1.28291713087819748E-2
1.49900000000000011E9	-1.27032669593819536E-2
1.50000000000000000E9	-1.25785650619081624E-2


