time	Tran2.TRAN.Vout
1.00000000000000000E-6	2.37990005042773412E-2
1.00000498884204170E-6	1.20567096670635943E-1
1.00001208539820730E-6	1.92407128250894544E-1
1.00001849028523693E-6	1.83788021530128187E-1
1.00002539267799229E-6	1.02011930242464843E-1
1.00002921832611014E-6	3.04866721167159449E-2
1.00003421079627342E-6	-7.83092771778489904E-2
1.00003872015651774E-6	-1.80673033024305707E-1
1.00004435073629128E-6	-2.94673647113871118E-1
1.00005019834148134E-6	-3.76843510233895618E-1
1.00005754337328390E-6	-4.02524749929331183E-1
1.00006408162466731E-6	-3.44088101630243681E-1
1.00006446926939763E-6	-3.38080180759674276E-1
1.00006546275404329E-6	-3.21870045185451481E-1
1.00006844320798116E-6	-2.64211087934140831E-1
1.00006868683207784E-6	-2.58880217067141505E-1
1.00006920693901580E-6	-2.47322843776579937E-1
1.00007076725983057E-6	-2.10664157229276983E-1
1.00007089279577777E-6	-2.07580251279985273E-1
1.00007109314274567E-6	-2.02636704149685487E-1
1.00007169418364827E-6	-1.87552218586118213E-1
1.00007238715354729E-6	-1.69711090228549866E-1
1.00007445069548084E-6	-1.14185968994827935E-1
1.00007582467765710E-6	-7.55249374488408520E-2
1.00007703305805129E-6	-4.07273069346502403E-2
1.00007814675948725E-6	-8.20343226236186496E-3
1.00007959959156900E-6	3.45537851982390531E-2
1.00008052849021056E-6	6.19394637745381793E-2
1.00008148452452605E-6	9.00228070419365523E-2
1.00008229744199739E-6	1.13739531302480623E-1
1.00008324579753571E-6	1.41117288638291893E-1
1.00008407860000581E-6	1.64824635917463924E-1
1.00008532584545984E-6	1.99569941211922175E-1
1.00008712798605659E-6	2.47736366876194536E-1
1.00009012372265760E-6	3.20807926531756982E-1
1.00009523308192305E-6	4.18736349827431198E-1
1.00010257084387844E-6	4.86392361151004415E-1
1.00010957408977830E-6	4.64157058027330294E-1
1.00011577833694476E-6	3.80017405674466779E-1
1.00012001691275509E-6	2.96093113740661762E-1
1.00012551761344248E-6	1.71835361896422389E-1
1.00013025172983583E-6	6.47507120326024310E-2
1.00013546993096858E-6	-3.57640675304150690E-2
1.00014064908973133E-6	-1.02549791196381879E-1
1.00014670677661277E-6	-1.24326021535895515E-1
1.00015366476857093E-6	-6.78435053276477706E-2
1.00015404376857764E-6	-6.21558440965457759E-2
1.00015475493665962E-6	-5.10675486554107216E-2
1.00015688844090644E-6	-1.30681545901382812E-2
1.00015708666782022E-6	-9.15750761135117131E-3
1.00015742020583498E-6	-2.49891126901363947E-3
1.00015842081987882E-6	1.83869267558092631E-2
1.00016019341529283E-6	5.84740492966660064E-2
1.00016043151426448E-6	6.41743515479636351E-2
1.00016062229896852E-6	6.87614438869394018E-2
1.00016119465307995E-6	8.27500161519024502E-2
1.00016184113539830E-6	9.89412727143947279E-2
1.00016378058235311E-6	1.49626182754353043E-1
1.00016500585701906E-6	1.83056585232153735E-1
1.00016614931701731E-6	2.14977865416775504E-1
1.00016725789300942E-6	2.46404738067131612E-1
1.00016870584869433E-6	2.87851964315305153E-1
1.00016980390506127E-6	3.19383868254740477E-1
1.00017069154325045E-6	3.44802607927708182E-1
1.00017172314125835E-6	3.74128103164064463E-1
1.00017247294983336E-6	3.95227675406762113E-1
1.00017375004845244E-6	4.30560354791669653E-1
1.00017546324430207E-6	4.76378561209120210E-1
1.00017829835519301E-6	5.46710405366999996E-1
1.00018476279105073E-6	6.70024038857496862E-1
1.00019213406949881E-6	7.31494369096813912E-1
1.00019925420481437E-6	7.01953264844594216E-1
1.00020554493146507E-6	6.10142268977935665E-1
1.00020980354468070E-6	5.21705848605205436E-1
1.00021545438782389E-6	3.89455441654809098E-1
1.00022022596045956E-6	2.78660739644651922E-1
1.00022565095864868E-6	1.72751746894941327E-1
1.00023354922063135E-6	8.90257927828358397E-2
1.00023978638399935E-6	9.67170318254289185E-2
1.00024619803178538E-6	1.74148186791214332E-1
1.00024658799370347E-6	1.81092702146852713E-1
1.00024724023486744E-6	1.92997551853647709E-1
1.00024919695835801E-6	2.31941141426597452E-1
1.00024932653540932E-6	2.34695149889911336E-1
1.00024942601869449E-6	2.36815068589272304E-1
1.00024972446855109E-6	2.43240080064738029E-1
1.00025025467522988E-6	2.54888160391825425E-1
1.00025174135677375E-6	2.88993202505110736E-1
1.00025263073099357E-6	3.10326901979293801E-1
1.00025372554689440E-6	3.37379743764362905E-1
1.00025480843615666E-6	3.64854802576026360E-1
1.00025597387541798E-6	3.95037142326103474E-1
1.00025761868726715E-6	4.38318071661132702E-1
1.00025981944707953E-6	4.96576234109334891E-1
1.00026118433075428E-6	5.32443229771715210E-1
1.00026210152743555E-6	5.56226882450496873E-1
1.00026279413124763E-6	5.73945923682039982E-1
1.00026332477855862E-6	5.87352931180493609E-1
1.00026384776512156E-6	6.00403241891957240E-1
1.00026441793511278E-6	6.14426313418808068E-1
1.00026507266362419E-6	6.30238623958976873E-1
1.00026592233241463E-6	6.50245087754229090E-1
1.00026709956745097E-6	6.76886850949276031E-1
1.00026887274861864E-6	7.14301396957184753E-1
1.00027175484932385E-6	7.66903822366823995E-1
1.00027720509415530E-6	8.32864028513015242E-1
1.00028353704775830E-6	8.47597413653243237E-1
1.00028947983850069E-6	7.99730931310861148E-1
1.00029520781065662E-6	7.04573536320995686E-1
1.00029918641009163E-6	6.17285380125501959E-1
1.00030430925585856E-6	4.92702050905793598E-1
1.00030880891097218E-6	3.83226385284018134E-1
1.00031440899945934E-6	2.65403063524985772E-1
1.00032214221189553E-6	1.66886223831772407E-1
1.00032850638730442E-6	1.57703865734113324E-1
1.00033475189742149E-6	2.14458233941218612E-1
1.00033512892037035E-6	2.19953833109678154E-1
1.00033569372252384E-6	2.28404202873945694E-1
1.00033579962292762E-6	2.30044381796482389E-1
1.00033611732413896E-6	2.35031368248273065E-1
1.00033707042777320E-6	2.50762991447334160E-1
1.00033715467941242E-6	2.52212678329517459E-1
1.00033725531522322E-6	2.53950358794818820E-1
1.00033755722265516E-6	2.59235424820962335E-1
1.00033820200591972E-6	2.70873103824247252E-1
1.00033973903445306E-6	3.00379370510859500E-1
1.00034054510727222E-6	3.16774317857151422E-1
1.00034193286310247E-6	3.46239061651165869E-1
1.00034293093253912E-6	3.68276129319128964E-1
1.00034533262039771E-6	4.23294936544038336E-1
1.00034823646796855E-6	4.91760748379103241E-1
1.00035071964309519E-6	5.50014843383730856E-1
1.00035230531274255E-6	5.86198540072386365E-1
1.00035319298314751E-6	6.05889902257734558E-1
1.00035380679911912E-6	6.19211160510071323E-1
1.00035440304215539E-6	6.31890272620490023E-1
1.00035496611532837E-6	6.43607300384692049E-1
1.00035556334363962E-6	6.55740683628427234E-1
1.00035624339112927E-6	6.69159888624900301E-1
1.00035706911110522E-6	6.84841720759883810E-1
1.00035813947605412E-6	7.04086508163415203E-1
1.00035962178279836E-6	7.28523682945696649E-1
1.00036180047674828E-6	7.59256100509749032E-1
1.00036526402958237E-6	7.93844743455349189E-1
1.00037087389253587E-6	8.08875026688454213E-1
1.00037699717260820E-6	7.66211131863276940E-1
1.00038350748020566E-6	6.60729347810880263E-1
1.00038770663502419E-6	5.67295846922423230E-1
1.00039313482690617E-6	4.32171962139749066E-1
1.00039787150132531E-6	3.13636283439222519E-1
1.00040376029492961E-6	1.86168211099563741E-1
1.00041148381844236E-6	8.28775712471805193E-2
1.00041808828865730E-6	6.83517615100259324E-2
1.00041847762636227E-6	6.99148838894561919E-2
1.00041921978639969E-6	7.33498178466083317E-2
1.00042144626651153E-6	8.89379754382690990E-2
1.00042167583481323E-6	9.10286288210849825E-2
1.00042233611832510E-6	9.73656677707694662E-2
1.00042431696886158E-6	1.20073044484347813E-1
1.00042446640341987E-6	1.22020666230609698E-1
1.00042455343317593E-6	1.23159861526068770E-1
1.00042481452244436E-6	1.26635891620317831E-1
1.00042537009409838E-6	1.34317935425190771E-1
1.00042547247896763E-6	1.35781810823367910E-1
1.00042571727765472E-6	1.39317895026673821E-1
1.00042615035423310E-6	1.45747093739031963E-1
1.00042645648693029E-6	1.50422567554968367E-1
1.00042703292136181E-6	1.59508127169423108E-1
1.00042761886342690E-6	1.69106057682242938E-1
1.00042834398562852E-6	1.81459004676893931E-1
1.00042935885771311E-6	1.99558227717067416E-1
1.00043123795108801E-6	2.35187995520161452E-1
1.00043396179960742E-6	2.90421002478423551E-1
1.00043767715932597E-6	3.68779275077651780E-1
1.00044094013168294E-6	4.36532335328746601E-1
1.00044291794712326E-6	4.75425148585778246E-1
1.00044401673005789E-6	4.95913236315297468E-1
1.00044471989447659E-6	5.08515505553015590E-1
1.00044549285766204E-6	5.21856958471410426E-1
1.00044625692368139E-6	5.34476923459088482E-1
1.00044707085485940E-6	5.47252648294465605E-1
1.00044802922062437E-6	5.61348586296811547E-1
1.00044919175044722E-6	5.76973572939544077E-1
1.00045068879385690E-6	5.94532560697433343E-1
1.00045273746915564E-6	6.13510431587393068E-1
1.00045566290716703E-6	6.29681372456512989E-1
1.00046018568551753E-6	6.27829224997145463E-1
1.00046550996448147E-6	5.83825574553063387E-1
1.00047134454933317E-6	4.88978570720080086E-1
1.00047660418859907E-6	3.71554407110362916E-1
1.00048077203809460E-6	2.65897714591842682E-1
1.00048588630337587E-6	1.34651548497843088E-1
1.00049036748721543E-6	2.89849610062484997E-2
1.00049740997619807E-6	-9.45691364986631555E-2
1.00050364485378296E-6	-1.45193222208753481E-1
1.00051056452145626E-6	-1.28728225421551179E-1
1.00051094136782903E-6	-1.25560744828520487E-1
1.00051151103920932E-6	-1.20540331481018770E-1
1.00051161785259324E-6	-1.19539443256022637E-1
1.00051187290849519E-6	-1.17104066012346220E-1
1.00051263807620106E-6	-1.09264180714269910E-1
1.00051362318339887E-6	-9.80328574271527486E-2
1.00051445988944199E-6	-8.75363475224473042E-2
1.00051512098233841E-6	-7.86555353637053312E-2
1.00051634004263401E-6	-6.10254171153649416E-2
1.00051707919282662E-6	-4.95912227994180643E-2
1.00051919976368842E-6	-1.41657220143807661E-2
1.00052137777427452E-6	2.55591690058591059E-2
1.00052560608169383E-6	1.07677017737476155E-1
1.00052970187146117E-6	1.87555735407062985E-1
1.00053101748477724E-6	2.12181810531870063E-1
1.00053223918523781E-6	2.34147660760163179E-1
1.00053293721817438E-6	2.46236967288654141E-1
1.00053340005050240E-6	2.54044782334500141E-1
1.00053379396402242E-6	2.60550182409921227E-1
1.00053415863104322E-6	2.66452483981730204E-1
1.00053452523835995E-6	2.72264977477857650E-1
1.00053492461534765E-6	2.78453298778612979E-1
1.00053540100613136E-6	2.85630964515170627E-1
1.00053600763842443E-6	2.94435187049380431E-1
1.00053683942870886E-6	3.05862591334128009E-1
1.00053806603680351E-6	3.21261467651104926E-1
1.00053996820750468E-6	3.41423372693534066E-1
1.00054323427282910E-6	3.64382478724783132E-1
1.00054906594983528E-6	3.65276148506436282E-1
1.00055434495765505E-6	3.20822165845161367E-1
1.00056016110952495E-6	2.26737415885179638E-1
1.00056615053899112E-6	9.30153619210766713E-2
1.00057002480079982E-6	-5.25012735659589147E-3
1.00057514353560006E-6	-1.35511616698063886E-1
1.00057931548241519E-6	-2.33195426606061496E-1
1.00058645109429656E-6	-3.58228974855173421E-1
1.00059311632663928E-6	-4.10600090529684891E-1
1.00059353159323550E-6	-4.11380423951803831E-1
1.00059441110934988E-6	-4.12391131176053793E-1
1.00059704965769480E-6	-4.07868984257841483E-1
1.00060099742732533E-6	-3.81230285096184884E-1
1.00060126618004164E-6	-3.78540392610657461E-1
1.00060151104475503E-6	-3.76049680865304836E-1
1.00060224563889477E-6	-3.68108678737251793E-1
1.00060269348676312E-6	-3.62929434038124787E-1
1.00060319366022688E-6	-3.56854068680875258E-1
1.00060412993121384E-6	-3.44695377029801975E-1
1.00060477433672723E-6	-3.35756651440884291E-1
1.00060600929465826E-6	-3.17440416699740879E-1
1.00060788070777917E-6	-2.87063894117479190E-1
1.00061094514538373E-6	-2.32148218545558205E-1
1.00061527691505137E-6	-1.48864605994275179E-1
1.00061953814884608E-6	-6.77979456711405426E-2
1.00062074696544823E-6	-4.59600591714679041E-2
1.00062183806395577E-6	-2.70490533740259620E-2
1.00062242216218600E-6	-1.72822475726098546E-2
1.00062273158019210E-6	-1.22188507866929896E-2
1.00062317488996277E-6	-5.10593248848832371E-3
1.00062357494142606E-6	1.16421040623885186E-3
1.00062403427046442E-6	8.18127574468712382E-3
1.00062464992342881E-6	1.72660658384208054E-2
1.00062545684982851E-6	2.85863231113380145E-2
1.00062667587161869E-6	4.43324893248291652E-2
1.00062858325259940E-6	6.53976570661904955E-2
1.00063198308563628E-6	9.08713362627357135E-2
1.00063801094959337E-6	9.40201460564470537E-2
1.00064340060832002E-6	5.01166679836544837E-2
1.00064931146027947E-6	-4.39833168953518339E-2
1.00065548739459986E-6	-1.80057663774302079E-1
1.00065934459678774E-6	-2.76329334858959985E-1
1.00066452746636658E-6	-4.05092287682873842E-1
1.00066870431416421E-6	-4.99497887020603670E-1
1.00067586618485227E-6	-6.17463540662344634E-1
1.00068255452607890E-6	-6.61305578089986845E-1
1.00068297518151028E-6	-6.61497488722425420E-1
1.00068388345841219E-6	-6.61220257328642536E-1
1.00068660828911771E-6	-6.52272853595621349E-1
1.00068686034004672E-6	-6.50786472880847811E-1
1.00068761649283422E-6	-6.45882863236152627E-1
1.00068988495119604E-6	-6.26062664403679214E-1
1.00069005823938961E-6	-6.24218508761815816E-1
1.00069020954409615E-6	-6.22592494170129740E-1
1.00069066345821600E-6	-6.17526995512363897E-1
1.00069143790866777E-6	-6.08251888450776868E-1
1.00069224200891060E-6	-5.97808948810197105E-1
1.00069280477506428E-6	-5.90028631390384817E-1
1.00069395636697944E-6	-5.72980664319803079E-1
1.00069468485222357E-6	-5.61454148541852049E-1
1.00069622790239809E-6	-5.35362111129983465E-1
1.00069840227759022E-6	-4.95313994699615368E-1
1.00070226736872847E-6	-4.17988730142105069E-1
1.00070655251171226E-6	-3.29277876278981996E-1
1.00070995986014899E-6	-2.61783617319630491E-1
1.00071169762751100E-6	-2.29869014491822909E-1
1.00071258003358454E-6	-2.14570580402184952E-1
1.00071352319134133E-6	-1.99006231479935725E-1
1.00071454232430601E-6	-1.83188488123615034E-1
1.00071558547632855E-6	-1.68165208198339444E-1
1.00071685196405058E-6	-1.51644842041270467E-1
1.00071840835891468E-6	-1.34129032644512813E-1
1.00072042513982695E-6	-1.16365545565367579E-1
1.00072321613382775E-6	-1.01661929753562608E-1
1.00072728360762486E-6	-1.01916945302798956E-1
1.00073250020776938E-6	-1.39900080778900371E-1
1.00073835588488680E-6	-2.27987284314616057E-1
1.00074425880721307E-6	-3.53278407196069333E-1
1.00074819775299018E-6	-4.48875079762062335E-1
1.00075328101131422E-6	-5.72699639233882074E-1
1.00075755196974625E-6	-6.67641129563671409E-1
1.00076453251851571E-6	-7.80747605011983659E-1
1.00077158705346658E-6	-8.22734934926696049E-1
1.00077202346590322E-6	-8.22459515852067291E-1
1.00077284118413878E-6	-8.21361988671440457E-1
1.00077529433884616E-6	-8.11206735217142239E-1
1.00077842103538628E-6	-7.83982452623829484E-1
1.00077873975621445E-6	-7.80265770913088463E-1
1.00077927280277623E-6	-7.73841464732534678E-1
1.00078087194246068E-6	-7.52170950968705032E-1
1.00078097648141107E-6	-7.50624041840918643E-1
1.00078117798478172E-6	-7.47615758112755469E-1
1.00078178249489325E-6	-7.38278629970631783E-1
1.00078257490572931E-6	-7.25354004618167547E-1
1.00078307934435262E-6	-7.16737719767858916E-1
1.00078415399449216E-6	-6.97448122644472868E-1
1.00078491994547303E-6	-6.82967654613087305E-1
1.00078609823925491E-6	-6.59632461922645064E-1
1.00078808601783020E-6	-6.17814710035472991E-1
1.00079145654187807E-6	-5.42148866420426856E-1
1.00079526689587572E-6	-4.53931992510150462E-1
1.00079826362198232E-6	-3.86300809397610534E-1
1.00079903413671789E-6	-3.69542030485973516E-1
1.00079973325297100E-6	-3.54665485928075785E-1
1.00080050746006521E-6	-3.38603624368918377E-1
1.00080110353394480E-6	-3.26560237488222072E-1
1.00080180485118819E-6	-3.12784010582024230E-1
1.00080260851367653E-6	-2.97561696429552036E-1
1.00080357443192791E-6	-2.80130126623239439E-1
1.00080487413263675E-6	-2.58299906645013255E-1
1.00080670393488913E-6	-2.31048380795469654E-1
1.00080943472107320E-6	-1.98816440830400931E-1
1.00081384581397037E-6	-1.70506503904203099E-1
1.00081981220545813E-6	-1.81622216823748017E-1
1.00082551031173539E-6	-2.43395114100215437E-1
1.00083170972442570E-6	-3.56459251739996930E-1
1.00083543189391211E-6	-4.40374246237359923E-1
1.00084035124280968E-6	-5.57257260997179493E-1
1.00084460835775713E-6	-6.54581355025725120E-1
1.00085063462102841E-6	-7.66784072061605926E-1
1.00085842209049325E-6	-8.39117118411830276E-1
1.00086495938414921E-6	-8.22101310348061531E-1
1.00086536078917865E-6	-8.18472141335628756E-1
1.00086627697391428E-6	-8.09479100445989275E-1
1.00086902552811963E-6	-7.74394680871892938E-1
1.00087223607717513E-6	-7.19432778370810233E-1
1.00087249020929114E-6	-7.14450963323141330E-1
1.00087273116966990E-6	-7.09692978925576057E-1
1.00087345405080597E-6	-6.95019127683328630E-1
1.00087398389871107E-6	-6.83895727175264234E-1
1.00087450432311975E-6	-6.72684747537243855E-1
1.00087555193865541E-6	-6.49328700579096640E-1
1.00087632507839230E-6	-6.31466278280723792E-1
1.00087772795431573E-6	-5.97908237606147175E-1
1.00087970611665100E-6	-5.48612565502019667E-1
1.00088265805039667E-6	-4.72642050541269487E-1
1.00088536449939158E-6	-4.02626142378310714E-1
1.00088708802980531E-6	-3.58938001809451990E-1
1.00088805208301768E-6	-3.35090497710291135E-1
1.00088866101280249E-6	-3.20310372681028710E-1
1.00088931897330746E-6	-3.04624316228716152E-1
1.00088993757600964E-6	-2.90172349581956412E-1
1.00089059954980208E-6	-2.75054622183931574E-1
1.00089137481901913E-6	-2.57846666611824826E-1
1.00089232070722711E-6	-2.37643676144358817E-1
1.00089356247977523E-6	-2.12573436679493755E-1
1.00089530252393000E-6	-1.80526066404240315E-1
1.00089787782487472E-6	-1.40521526967676835E-1
1.00090205378640285E-6	-9.69547541318075368E-2
1.00090817157193124E-6	-8.47806550455016428E-2
1.00091402152193010E-6	-1.30107359663593791E-1
1.00091988232448736E-6	-2.23121104151512872E-1
1.00092368680400123E-6	-3.02365457399729554E-1
1.00092847167094279E-6	-4.11658723370599411E-1
1.00093274521521169E-6	-5.08784140563751919E-1
1.00093810332444111E-6	-6.13848312791061890E-1
1.00094546179243538E-6	-7.00111160331567639E-1
1.00095199615253283E-6	-7.02371667507437092E-1
1.00095873397594071E-6	-6.26241044502257438E-1
1.00095912593132175E-6	-6.19333460107444633E-1
1.00096001117317179E-6	-6.03154538040143251E-1
1.00096017715601859E-6	-5.99973407900724265E-1
1.00096067510455944E-6	-5.90256320751826991E-1
1.00096216895018153E-6	-5.59126018184297280E-1
1.00096230507564643E-6	-5.56133819538799834E-1
1.00096253777221467E-6	-5.50986147105535817E-1
1.00096323586192071E-6	-5.35162277808101550E-1
1.00096404626337510E-6	-5.16110110769266850E-1
1.00096419821364768E-6	-5.12447892574255093E-1
1.00096444295823517E-6	-5.06519129429841897E-1
1.00096517719199807E-6	-4.88387054681202315E-1
1.00096571007631385E-6	-4.74917639159157989E-1
1.00096636951049911E-6	-4.57920844539733096E-1
1.00096723363851581E-6	-4.35152660076118369E-1
1.00096808269285131E-6	-4.12300713360380033E-1
1.00096968490381588E-6	-3.68178492175307337E-1
1.00097187355909956E-6	-3.06587215892608667E-1
1.00097371291615866E-6	-2.54454726559863165E-1
1.00097491525308069E-6	-2.20587381183394760E-1
1.00097576895024920E-6	-1.96790231981300545E-1
1.00097636637428389E-6	-1.80308556746772486E-1
1.00097694701435036E-6	-1.64455379740405494E-1
1.00097753879543472E-6	-1.48490620329591794E-1
1.00097822867725483E-6	-1.30157951906367186E-1
1.00097911094390568E-6	-1.07208981180333729E-1
1.00098033466925052E-6	-7.64377757033354577E-2
1.00098219001701061E-6	-3.25474318248053507E-2
1.00098529030853611E-6	3.17782090148569507E-2
1.00098992033308054E-6	1.02385171839155831E-1
1.00099683070930401E-6	1.42074917390226374E-1
1.00100344108851602E-6	1.04562020398987476E-1
1.00100930100239927E-6	1.73592953937839689E-2
1.00101351094495228E-6	-6.80908351750096319E-2
1.00101895192681800E-6	-1.90605783465755030E-1
1.00102364538833566E-6	-2.93910248801864515E-1
1.00102890069258144E-6	-3.89556059515026964E-1
1.00103669733035483E-6	-4.61444913127419731E-1
1.00104290580071287E-6	-4.44183227540892922E-1
1.00104901956690551E-6	-3.60219396996293373E-1
1.00104942731106195E-6	-3.52260623265570150E-1
1.00105027146452841E-6	-3.35267335490466056E-1
1.00105280392492824E-6	-2.78624196385992162E-1
1.00105297503636659E-6	-2.74485684792492268E-1
1.00105321952601711E-6	-2.68538878789800028E-1
1.00105395299496736E-6	-2.50310464220848017E-1
1.00105478491482858E-6	-2.28970966865160053E-1
1.00105706901795477E-6	-1.67391272419943249E-1
1.00105844526326027E-6	-1.28512434334023506E-1
1.00106031020215713E-6	-7.44884067364121449E-2
1.00106158278593127E-6	-3.70805868646098080E-2
1.00106290915307405E-6	2.01930358233899998E-3
1.00106373598554654E-6	2.63291371089386450E-2
1.00106456740308603E-6	5.06277543816765796E-2
1.00106539971143582E-6	7.47323468658950940E-2
1.00106632525290884E-6	1.01188532583087643E-1
1.00106757723804085E-6	1.36217031078413076E-1
1.00106951395890187E-6	1.88161069625481803E-1
1.00107300143011591E-6	2.72397429502367627E-1
1.00107889935953032E-6	3.78143353280407180E-1
1.00108625304326360E-6	4.30811606415546855E-1
1.00109326200220128E-6	3.94400775725201713E-1
1.00109882750635215E-6	3.12123098027623946E-1
1.00110327893664497E-6	2.21851094221694023E-1
1.00110981185369452E-6	7.44610226072172487E-2
1.00111505255121291E-6	-3.76410465853209164E-2
1.00112065066922251E-6	-1.28925064819413904E-1
1.00112724114619578E-6	-1.76672944279046007E-1
1.00113331003587125E-6	-1.52445706156715244E-1
1.00113371061625211E-6	-1.48296208547487063E-1
1.00113451656152175E-6	-1.39361987403424692E-1
1.00113693439733153E-6	-1.05795874500342135E-1
1.00114095189954488E-6	-2.98591003100220043E-2
1.00114130260995315E-6	-2.20413952589624795E-2
1.00114175964386454E-6	-1.17246722594211450E-2
1.00114313074560002E-6	2.06797154896748747E-2
1.00114322937981015E-6	2.30978086268412186E-2
1.00114334913394143E-6	2.60411457031772020E-2
1.00114370839633460E-6	3.49590523185067159E-2
1.00114424897352028E-6	4.86168026162354394E-2
1.00114587070507755E-6	9.11056826883874749E-2
1.00114732271720808E-6	1.30803947143855703E-1
1.00114861006264499E-6	1.66987324328368714E-1
1.00114972990457751E-6	1.98994976196486406E-1
1.00115109481643838E-6	2.38384645078044421E-1
1.00115212947877152E-6	2.68345278212367644E-1
1.00115301357118414E-6	2.93890769342252556E-1
1.00115411821934908E-6	3.25585619789731817E-1
1.00115491823571579E-6	3.48302682622048509E-1
1.00115604913584555E-6	3.79921784966604115E-1
1.00115759210214406E-6	4.21833900325671429E-1
1.00115997917205135E-6	4.82922768645476452E-1
1.00116475612856060E-6	5.85995430552081231E-1
1.00117209893581394E-6	6.78767005198517381E-1
1.00117844508446074E-6	6.84933037897110530E-1
1.00118483993273966E-6	6.22424311650168516E-1
1.00118888236298398E-6	5.52516073275603592E-1
1.00119394281720586E-6	4.43439938108331333E-1
1.00119871758836898E-6	3.30707227345664556E-1
1.00120422521136554E-6	2.07868663940104303E-1
1.00120965400985917E-6	1.12725166112541531E-1
1.00121701474529656E-6	5.25171779083977341E-2
1.00122324873099866E-6	7.50051410501298754E-2
1.00122366519451234E-6	7.91747200801396378E-2
1.00122442381284160E-6	8.72717775689215891E-2
1.00122669966782896E-6	1.17347553905467561E-1
1.00123076475008288E-6	1.90275938853716098E-1
1.00123109037075464E-6	1.97169698344827804E-1
1.00123138686190960E-6	2.03498176169917544E-1
1.00123227633537426E-6	2.23075321787463210E-1
1.00123314706704125E-6	2.43050327656411813E-1
1.00123331032922902E-6	2.46892342003688059E-1
1.00123356299552380E-6	2.52867812693244076E-1
1.00123432088655884E-6	2.71128815697752135E-1
1.00123483134795666E-6	2.83698451922838935E-1
1.00123584620923189E-6	3.09251951109265999E-1
1.00123666968930869E-6	3.30475637763186336E-1
1.00123776505711759E-6	3.59247631440271009E-1
1.00123961795774852E-6	4.08860588959236360E-1
1.00124154044065894E-6	4.60890148988221782E-1
1.00124297451335842E-6	4.99562756873490432E-1
1.00124388090554550E-6	5.23753352248312343E-1
1.00124467145855478E-6	5.44599311104850514E-1
1.00124529774523729E-6	5.60904490066984973E-1
1.00124594913588227E-6	5.77630622663928683E-1
1.00124675189744439E-6	5.97867863668085775E-1
1.00124777961720879E-6	6.23079426322435648E-1
1.00124927566151922E-6	6.58140249868983229E-1
1.00125165338632560E-6	7.09054036782092822E-1
1.00125591626018151E-6	7.81972913710148632E-1
1.00126295414244137E-6	8.39896293045081244E-1
1.00126939717657382E-6	8.18963291791595793E-1
1.00127649192062895E-6	7.20618675557113342E-1
1.00128028639437527E-6	6.41958971634167419E-1
1.00128549223218211E-6	5.18452525122197549E-1
1.00129006612088545E-6	4.06432445349788019E-1
1.00129544569034423E-6	2.88116446080513500E-1
1.00130281728331139E-6	1.79254854166945776E-1
1.00130931125166600E-6	1.53382403544400070E-1
1.00131614626835952E-6	2.03681720671802591E-1
1.00131655268749165E-6	2.09226325366125243E-1
1.00131738213431265E-6	2.21041496122855952E-1
1.00131753765559162E-6	2.23384467996325631E-1
1.00131800421942785E-6	2.30564176483402639E-1
1.00131940391093810E-6	2.53830044671197141E-1
1.00131952724754614E-6	2.56011082536082624E-1
1.00131968418385697E-6	2.58801268801070883E-1
1.00132015499279015E-6	2.67348181440195010E-1
1.00132084572196600E-6	2.80348983828713028E-1
1.00132097523368646E-6	2.82855095296552861E-1
1.00132122294977077E-6	2.87681167649388136E-1
1.00132177115228527E-6	2.98587152604502792E-1
1.00132214708924439E-6	3.06239967826848147E-1
1.00132288030893313E-6	3.21544234223083025E-1
1.00132356491607921E-6	3.36256524872742935E-1
1.00132444408520138E-6	3.55685364415120109E-1
1.00132573840319372E-6	3.85221373732968653E-1
1.00132825582709617E-6	4.44872390670213314E-1
1.00133107777508235E-6	5.13308999035111491E-1
1.00133334122188966E-6	5.67715108274232794E-1
1.00133468892251742E-6	5.99286549515860933E-1
1.00133547042308302E-6	6.17161599739178701E-1
1.00133611325357874E-6	6.31574199217360110E-1
1.00133677857153325E-6	6.46179332491777636E-1
1.00133744993528140E-6	6.60563590204487383E-1
1.00133823088167073E-6	6.76805196708055234E-1
1.00133919936693916E-6	6.96143108221149021E-1
1.00134047689979111E-6	7.20145983401726220E-1
1.00134230297229410E-6	7.51122684297606824E-1
1.00134509600073041E-6	7.89881542821390692E-1
1.00134958691472109E-6	8.27301752742881469E-1
1.00135532476636446E-6	8.26608518397945424E-1
1.00136105364490291E-6	7.71981386441482620E-1
1.00136650233935209E-6	6.76705517543143564E-1
1.00137006004811280E-6	5.97032976929707715E-1
1.00137480267178591E-6	4.79532955178431664E-1
1.00137896562767326E-6	3.74247603112985061E-1
1.00138405609632208E-6	2.56761527028325220E-1
1.00139121728870450E-6	1.38137814841781692E-1
1.00139771709052705E-6	9.60168025298274053E-2
1.00140503802003922E-6	1.31213055655083277E-1
1.00140544193792769E-6	1.35759804918809657E-1
1.00140607701503725E-6	1.43192668800019018E-1
1.00140619609199510E-6	1.44659084184422615E-1
1.00140651732102692E-6	1.48685243342057438E-1
1.00140748100812260E-6	1.61582004488263253E-1
1.00140875144698316E-6	1.80360568372712882E-1
1.00140985955387452E-6	1.98264052148482395E-1
1.00141070670351917E-6	2.12824513751421129E-1
1.00141197869367704E-6	2.35944081924255933E-1
1.00141283916009582E-6	2.52356770131108510E-1
1.00141436868647338E-6	2.82791370901672678E-1
1.00141627800324740E-6	3.22532581431020837E-1
1.00141919256953060E-6	3.85135779025265412E-1
1.00142244298225425E-6	4.54692647922166415E-1
1.00142456456539319E-6	4.98278392112111490E-1
1.00142573324993234E-6	5.21192541648254704E-1
1.00142638815493812E-6	5.33602414991091223E-1
1.00142702730674249E-6	5.45376499365705492E-1
1.00142816700642889E-6	5.65454414923726745E-1
1.00142948349420258E-6	5.87035071132658892E-1
1.00143165404291579E-6	6.18300436246824070E-1
1.00143517543453764E-6	6.55840371408816658E-1
1.00144156819677121E-6	6.76118592094058002E-1
1.00144729565301183E-6	6.39182213147763445E-1
1.00145405012951860E-6	5.34444685366021321E-1
1.00145952223289347E-6	4.12458407769820834E-1
1.00146397422495093E-6	2.99794744196385388E-1
1.00146946081485244E-6	1.61081071137878817E-1
1.00147423255431622E-6	5.35340948948378248E-2
1.00148173556466014E-6	-6.24305959762164875E-2
1.00148726734982030E-6	-9.47112366228643410E-2
1.00148769810463456E-6	-9.49528209133949019E-2
1.00148847710264732E-6	-9.48825516065820374E-2
1.00149081409668406E-6	-8.87115144265047739E-2
1.00149104756571283E-6	-8.75656707665014800E-2
1.00149174797279938E-6	-8.37457134785342561E-2
1.00149384919405837E-6	-6.78732414420866270E-2
1.00149403544395232E-6	-6.61282114303705004E-2
1.00149435783056240E-6	-6.30353469751115547E-2
1.00149532499039240E-6	-5.29111577391508447E-2
1.00149638786136586E-6	-4.03802184339168235E-2
1.00149716031865976E-6	-3.04001192369628903E-2
1.00149790227604529E-6	-2.01657646125242440E-2
1.00149897881979744E-6	-4.26924905125719079E-3
1.00149973964273054E-6	7.66323704492610780E-3
1.00150143684536719E-6	3.60783601093497630E-2
1.00150345171881394E-6	7.24949999230758912E-2
1.00150740814501793E-6	1.48852542089740991E-1
1.00151150394325383E-6	2.29054851607495946E-1
1.00151295757663972E-6	2.56580250844172397E-1
1.00151434366525116E-6	2.81771497606174837E-1
1.00151528724534344E-6	2.98191204535562004E-1
1.00151581857152872E-6	3.07138420109164922E-1
1.00151626360269086E-6	3.14451899090515896E-1
1.00151681234102030E-6	3.23228892806325563E-1
1.00151736837330585E-6	3.31836965424183461E-1
1.00151805601348198E-6	3.42060950960339216E-1
1.00151896768503312E-6	3.54850756812217050E-1
1.00152023019471481E-6	3.71012639738582184E-1
1.00152211692801796E-6	3.91502748276474222E-1
1.00152521555158658E-6	4.14602868604188668E-1
1.00153049165930841E-6	4.20744974229162327E-1
1.00153586481738199E-6	3.82622370000953937E-1
1.00154223644470997E-6	2.84256380157289801E-1
1.00154852989076981E-6	1.44433931320000974E-1
1.00155246973827738E-6	4.42293467596498768E-2
1.00155776743650771E-6	-9.06860209006757678E-2
1.00156199286908576E-6	-1.89122925079637816E-1
1.00156923916131158E-6	-3.13502642357284200E-1
1.00157590257737872E-6	-3.62128003377200702E-1
1.00157633230517695E-6	-3.62667307850594778E-1
1.00157732844958791E-6	-3.63095167340672198E-1
1.00158031688282123E-6	-3.54777287213154491E-1
1.00158057579557580E-6	-3.53335704924196969E-1
1.00158131258618477E-6	-3.48822367133446676E-1
1.00158145073442362E-6	-3.47870671234787388E-1
1.00158186517914083E-6	-3.44888910342986765E-1
1.00158310851329313E-6	-3.34463909501111445E-1
1.00158321786239535E-6	-3.33433891243548208E-1
1.00158333436922353E-6	-3.32327146567807397E-1
1.00158368388970631E-6	-3.28896284163759933E-1
1.00158442498172251E-6	-3.21085685782274632E-1
1.00158504460917985E-6	-3.14011604292532764E-1
1.00158553077163037E-6	-3.08127646286353807E-1
1.00158648062324995E-6	-2.95829980104930179E-1
1.00158713643781905E-6	-2.86746252819584235E-1
1.00158833544665216E-6	-2.68994136962126484E-1
1.00159016125160449E-6	-2.39446765324415090E-1
1.00159313270820038E-6	-1.86369540442506332E-1
1.00159747432302781E-6	-1.02931342856330632E-1
1.00160182017376709E-6	-1.99701561068072309E-2
1.00160307123995485E-6	2.73339985860727630E-3
1.00160420823849661E-6	2.25085918170411281E-2
1.00160480522054485E-6	3.25152175702971169E-2
1.00160515746274137E-6	3.82855292998164831E-2
1.00160554486131992E-6	4.45101414076311297E-2
1.00160587471913853E-6	4.97059771300986331E-2
1.00160622297111312E-6	5.50834938503061267E-2
1.00160662817179569E-6	6.11955917703083685E-2
1.00160711876082908E-6	6.83791094194934601E-2
1.00160777974984860E-6	7.76651352961208019E-2
1.00160872643169974E-6	9.01347685404074106E-2
1.00161019552157282E-6	1.07405202438734015E-1
1.00161257821943117E-6	1.29522713136413925E-1
1.00161700483102245E-6	1.49079879868274512E-1
1.00162286112018428E-6	1.29113609724441902E-1
1.00162748670551749E-6	7.67362466977246971E-2
1.00163362211969265E-6	-3.47975366577326595E-2
1.00163884881810517E-6	-1.56930020943528947E-1
1.00164321278660351E-6	-2.67612603560480400E-1
1.00164844819436771E-6	-3.96311922596437594E-1
1.00165294953975348E-6	-4.92634371296635099E-1
1.00166064941220423E-6	-5.99824195847800024E-1
1.00166728686415896E-6	-6.20495750254217704E-1
1.00166769772926512E-6	-6.19266902372982653E-1
1.00166862521271138E-6	-6.15797965567922745E-1
1.00167140766304930E-6	-5.97389591169268819E-1
1.00167162678006405E-6	-5.95404684993555833E-1
1.00167199192203160E-6	-5.92001543270047925E-1
1.00167308734793381E-6	-5.80677089831064830E-1
1.00167425654077014E-6	-5.66819038770865280E-1
1.00167504075046754E-6	-5.56554751436153516E-1
1.00167596540640513E-6	-5.43520789691531725E-1
1.00167696886477930E-6	-5.28311710435583848E-1
1.00167783210279238E-6	-5.14407469783860005E-1
1.00167948186397782E-6	-4.85989301785380245E-1
1.00168149578064991E-6	-4.48552575659809083E-1
1.00168577721855900E-6	-3.63211323901995442E-1
1.00169000835496358E-6	-2.77378824942651114E-1
1.00169144559882328E-6	-2.49176189448431584E-1
1.00169280320103171E-6	-2.23562325748690593E-1
1.00169367172487367E-6	-2.07816254122335531E-1
1.00169435025763121E-6	-1.95916803882198809E-1
1.00169483977887364E-6	-1.87570169529324260E-1
1.00169542669125677E-6	-1.77845033808846775E-1
1.00169602848916051E-6	-1.68210584821500553E-1
1.00169672136792709E-6	-1.57566531766060702E-1
1.00169761095492160E-6	-1.44649186625745019E-1
1.00169878020735381E-6	-1.29040783396718539E-1
1.00170043431527667E-6	-1.09834761343516130E-1
1.00170296207701015E-6	-8.75993692133959634E-2
1.00170698719870166E-6	-7.16018353181840261E-2
1.00171271416765584E-6	-9.19412511804255672E-2
1.00171796512266686E-6	-1.53610352665645022E-1
1.00172442987603971E-6	-2.75273599584246798E-1
1.00172883993112238E-6	-3.78266108076565377E-1
1.00173439151803767E-6	-5.14170412385280606E-1
1.00173912966113732E-6	-6.22995502290265080E-1
1.00174530331698008E-6	-7.33800630021408118E-1
1.00175341906729254E-6	-7.98494620600322413E-1
1.00176028907427073E-6	-7.70718721101069804E-1
1.00176070268278505E-6	-7.66469939708556591E-1
1.00176149755047428E-6	-7.57835953508224414E-1
1.00176164658816602E-6	-7.56097037222532276E-1
1.00176202839921080E-6	-7.51537665322539716E-1
1.00176317383234448E-6	-7.36642363470196049E-1
1.00176326540502214E-6	-7.35368185771411031E-1
1.00176342971751087E-6	-7.33064060752932267E-1
1.00176392265497771E-6	-7.25941174988222304E-1
1.00176491207829432E-6	-7.10727340246424966E-1
1.00176546690065038E-6	-7.01680241645357761E-1
1.00176639058242500E-6	-6.85855719917007178E-1
1.00176730289793148E-6	-6.69349210655931781E-1
1.00176822530214715E-6	-6.51851341895076519E-1
1.00177075991809605E-6	-6.00369918654915846E-1
1.00177358779885028E-6	-5.38598160947337590E-1
1.00177759168411029E-6	-4.48361478304373495E-1
1.00178075143302747E-6	-3.78725053838858905E-1
1.00178159068708994E-6	-3.60925428479696153E-1
1.00178235469651411E-6	-3.45109235374737100E-1
1.00178329276248146E-6	-3.26269829345790097E-1
1.00178391172943426E-6	-3.14223256709785792E-1
1.00178464097376718E-6	-3.00463184550922202E-1
1.00178544330589903E-6	-2.85906550973922702E-1
1.00178634432551616E-6	-2.70344267893971768E-1
1.00178750994466248E-6	-2.51546250799854043E-1
1.00178904524748447E-6	-2.29284969179574905E-1
1.00179120164612501E-6	-2.03279902250001809E-1
1.00179444903342718E-6	-1.76880233537028841E-1
1.00179970930463602E-6	-1.69213807359697621E-1
1.00180565681241807E-6	-2.12904264736782656E-1
1.00181168553096933E-6	-3.07186679050134170E-1
1.00181643776305029E-6	-4.07886060567342312E-1
1.00182105943727362E-6	-5.17094088606661551E-1
1.00182613519399522E-6	-6.35954543838775610E-1
1.00183137583531723E-6	-7.41906385192353834E-1
1.00183885932260530E-6	-8.34672245843290028E-1
1.00184556514827938E-6	-8.42187883794621328E-1
1.00184598753573639E-6	-8.39879580539765236E-1
1.00184683187630541E-6	-8.34641550059416204E-1
1.00184936489801291E-6	-8.11667115749043333E-1
1.00184957626735449E-6	-8.09228392296656551E-1
1.00185021037537969E-6	-8.01592457471486775E-1
1.00185211269945684E-6	-7.75005221056920668E-1
1.00185230486207022E-6	-7.71992304735572255E-1
1.00185272398004499E-6	-7.65297723723585399E-1
1.00185398133396908E-6	-7.43792002395917695E-1
1.00185407693284967E-6	-7.42065292054832870E-1
1.00185422138855174E-6	-7.39442971644024727E-1
1.00185465475565794E-6	-7.31420673761523865E-1
1.00185552844044046E-6	-7.14566965610117144E-1
1.00185617936820237E-6	-7.01445417057895426E-1
1.00185676908895260E-6	-6.89168214298749504E-1
1.00185788973035850E-6	-6.64906830662408321E-1
1.00185867784539484E-6	-6.47169540164222212E-1
1.00186045726669026E-6	-6.05441086198929845E-1
1.00186265997343193E-6	-5.51316839523820601E-1
1.00186573512497379E-6	-4.73518965255049640E-1
1.00186844370154460E-6	-4.05145378479832274E-1
1.00187007368436687E-6	-3.65062898490910115E-1
1.00187092611377948E-6	-3.44641069432767999E-1
1.00187154141907220E-6	-3.30188342497228282E-1
1.00187221844559970E-6	-3.14602002859482610E-1
1.00187283950015926E-6	-3.00622276396385857E-1
1.00187352574294097E-6	-2.85561086724933677E-1
1.00187432846439228E-6	-2.68500713801678348E-1
1.00187530927349355E-6	-2.48541916893268811E-1
1.00187660493960684E-6	-2.23813327061695011E-1
1.00187841710816516E-6	-1.92686147264864238E-1
1.00188109812587456E-6	-1.54908892064197112E-1
1.00188543619525450E-6	-1.17193938602447334E-1
1.00189124287774689E-6	-1.15093513912327872E-1
1.00189698245145209E-6	-1.66202184850087731E-1
1.00190241665527657E-6	-2.55869463023819499E-1
1.00190614641069620E-6	-3.34459700876162946E-1
1.00191077307889143E-6	-4.41002627748520393E-1
1.00191495422486820E-6	-5.37057214078210876E-1
1.00192007172875841E-6	-6.40109055453384101E-1
1.00192716000474258E-6	-7.31115243270589321E-1
1.00193377911623172E-6	-7.43188510576179162E-1
1.00194095035625175E-6	-6.69868402685462794E-1
1.00194133588147949E-6	-6.63337974158986565E-1
1.00194226168083289E-6	-6.47017856946575787E-1
1.00194243526821158E-6	-6.43794947448653421E-1
1.00194294739649603E-6	-6.34101165462071314E-1
1.00194448378134982E-6	-6.02908200037059139E-1
1.00194461832376902E-6	-6.00018092726926255E-1
1.00194482560630593E-6	-5.95539221571267152E-1
1.00194544745391667E-6	-5.81796077295158565E-1
1.00194618083787579E-6	-5.65021574871678212E-1
1.00194631834736847E-6	-5.61800646743209242E-1
1.00194656313958008E-6	-5.56035675304561039E-1
1.00194729751621514E-6	-5.38382027439280453E-1
1.00194779086531982E-6	-5.26232890037644285E-1
1.00194846491813849E-6	-5.09289410122459874E-1
1.00194929078772810E-6	-4.88035605610932155E-1
1.00195015633443041E-6	-4.65243922295764190E-1
1.00195172298907575E-6	-4.22923263500670465E-1
1.00195404011265943E-6	-3.58699528891097330E-1
1.00195613512017223E-6	-3.00020507443187245E-1
1.00195757801306073E-6	-2.59873294852391723E-1
1.00195846009208323E-6	-2.35628526673494454E-1
1.00195906015968705E-6	-2.19320476495643613E-1
1.00195958588663103E-6	-2.05181354670909544E-1
1.00196008351135313E-6	-1.91942501253636122E-1
1.00196062032502797E-6	-1.77835903382412042E-1
1.00196124150611343E-6	-1.61761947041628495E-1
1.00196203047188659E-6	-1.41774099540931076E-1
1.00196311143614514E-6	-1.15260023163716241E-1
1.00196471407320353E-6	-7.80722132544635450E-2
1.00196727479777947E-6	-2.48371571206597164E-2
1.00197189474659076E-6	4.79777603231400107E-2
1.00197738759502464E-6	8.98505350559938520E-2
1.00198385088693387E-6	7.32408600384879538E-2
1.00199060070561830E-6	-1.28122852682221811E-2
1.00199440821571750E-6	-8.59572318938383262E-2
1.00199936286119673E-6	-1.95223226220010182E-1
1.00200382181435121E-6	-2.96543352327283660E-1
1.00200929478433420E-6	-4.06877987916944406E-1
1.00201540666955857E-6	-4.90727663744337494E-1
1.00202251455209845E-6	-5.12851722723472214E-1
1.00202926025937811E-6	-4.50325520428073744E-1
1.00202964123557869E-6	-4.44253110908787807E-1
1.00203067355429076E-6	-4.26937926215800800E-1
1.00203377051042741E-6	-3.65498673704144128E-1
1.00203399261558834E-6	-3.60533583178489891E-1
1.00203442346739080E-6	-3.50785138554214271E-1
1.00203571602279662E-6	-3.20213651364129070E-1
1.00203581761126670E-6	-3.17722997846918309E-1
1.00203593961126969E-6	-3.14723874935929437E-1
1.00203630561127888E-6	-3.05631894240878266E-1
1.00203685958455946E-6	-2.91610246336566803E-1
1.00203852150440276E-6	-2.47885571615112976E-1
1.00203978689174078E-6	-2.13127545395132145E-1
1.00204102546135898E-6	-1.78156244869906999E-1
1.00204214243763312E-6	-1.46010876631990416E-1
1.00204342954451708E-6	-1.08506491660941418E-1
1.00204460312719901E-6	-7.40925201003735445E-2
1.00204564932887186E-6	-4.34148890238716767E-2
1.00204651027382075E-6	-1.82783360797021954E-2
1.00204719407217535E-6	1.55749225283698545E-3
1.00204808253094590E-6	2.70825824088875411E-2
1.00204882083598124E-6	4.80275735190283193E-2
1.00204991736921167E-6	7.85668389420987179E-2
1.00205153760715326E-6	1.22141314700040660E-1
1.00205415898515859E-6	1.87575370652365425E-1
1.00205880872077913E-6	2.83170877458523362E-1
1.00206622943203527E-6	3.66816233301224193E-1
1.00207261958734772E-6	3.63238788424490711E-1
1.00207951116763505E-6	2.85398833182927270E-1
1.00208337060331720E-6	2.14364003572424977E-1
1.00208835487929537E-6	1.06016488509286444E-1
1.00209289023537629E-6	2.28999429972813440E-3
1.00209860225526781E-6	-1.15270079488241795E-1
1.00210442067226113E-6	-1.99785946820338767E-1
1.00211176394250656E-6	-2.29751726411060986E-1
1.00211828495403088E-6	-1.75502895938691728E-1
1.00211867394908127E-6	-1.69712476559703007E-1
1.00211965589491658E-6	-1.54295927466757932E-1
1.00212260173242296E-6	-9.91345703796151767E-2
1.00212284780305971E-6	-9.39009291363772824E-2
1.00212340540560563E-6	-8.18353447540087586E-2
1.00212507821324270E-6	-4.33290862634720497E-2
1.00212521405825750E-6	-4.00443240883451956E-2
1.00212544083104116E-6	-3.45328189383924622E-2
1.00212612114939237E-6	-1.76731761400955056E-2
1.00212693714738954E-6	3.15532683341448950E-3
1.00212912060067749E-6	6.15770778941847752E-2
1.00213053457659673E-6	1.01147781514041579E-1
1.00213298597037670E-6	1.71591200269184596E-1
1.00213427779721043E-6	2.09227770555384707E-1
1.00213534756651157E-6	2.40373642892903261E-1
1.00213630075718818E-6	2.67968477146165807E-1
1.00213705411718146E-6	2.89598149142525418E-1
1.00213873458515090E-6	3.36934121183444235E-1
1.00214139949098535E-6	4.08228404538427547E-1
1.00214604357978954E-6	5.15609877415388773E-1
1.00215370690343875E-6	6.26444503532568930E-1
1.00216063853218218E-6	6.42029942882797400E-1
1.00216689071106346E-6	5.85917927035729758E-1
1.00217116686148056E-6	5.14627859607432470E-1
1.00217599286467451E-6	4.12490503059545333E-1
1.00218090251591452E-6	2.97737365075691374E-1
1.00218632566201493E-6	1.76549472685052744E-1
1.00219160083309866E-6	8.19741094782266089E-2
1.00219890124773481E-6	1.66966676806254588E-2
1.00220503795298210E-6	3.29798058482762446E-2
1.00221085306601676E-6	1.08855808880855265E-1
1.00221124265993478E-6	1.16014458099617324E-1
1.00221196660458522E-6	1.29682255252639900E-1
1.00221413843853768E-6	1.74735068663982007E-1
1.00221428897528386E-6	1.78087996107735203E-1
1.00221447888430548E-6	1.82337982098209439E-1
1.00221504861137056E-6	1.95322487678923284E-1
1.00221572696996075E-6	2.11220991027784866E-1
1.00221776204573199E-6	2.61354464599480263E-1
1.00221888417085969E-6	2.90370695727652794E-1
1.00222088766861450E-6	3.43824551191379379E-1
1.00222210801925415E-6	3.77126532586179630E-1
1.00222401339433564E-6	4.29500579468668509E-1
1.00222529061353605E-6	4.64540023726007423E-1
1.00222619803793234E-6	4.89222708832422715E-1
1.00222699983873031E-6	5.10795933234615163E-1
1.00222765916532786E-6	5.28322627297123226E-1
1.00222825773268664E-6	5.44035328409634555E-1
1.00222899843634106E-6	5.63175495406136228E-1
1.00222990423197356E-6	5.86059321246583220E-1
1.00223115934330331E-6	6.16664282516189211E-1
1.00223308276783962E-6	6.60611751862952268E-1
1.00223632160320064E-6	7.24725262685723060E-1
1.00224182959944885E-6	7.98599738895660316E-1
1.00224832183799939E-6	8.20576338350100976E-1
1.00225440207555105E-6	7.75674459103607283E-1
1.00225992991573842E-6	6.86775510217067531E-1
1.00226401815671839E-6	5.99026629445459946E-1
1.00226930119377466E-6	4.72306791269520776E-1
1.00227394388030433E-6	3.61036278728946902E-1
1.00227942622664212E-6	2.48194489173612132E-1
1.00228721249259389E-6	1.53881594742259797E-1
1.00229352161977658E-6	1.49913999329035841E-1
1.00229390491822290E-6	1.52082464025510244E-1
1.00229471922065638E-6	1.57272756699897287E-1
1.00229716212795772E-6	1.79616434291751137E-1
1.00229741291836616E-6	1.82526793126438736E-1
1.00229816528959059E-6	1.91704939524031759E-1
1.00230042240326389E-6	2.24312114771118054E-1
1.00230063306678341E-6	2.27763932439638461E-1
1.00230107610717400E-6	2.35154534820796624E-1
1.00230240522834491E-6	2.58826214588963310E-1
1.00230250849980718E-6	2.60764005434148904E-1
1.00230258182750642E-6	2.62143087094330873E-1
1.00230280181060327E-6	2.66317855328097819E-1
1.00230328763357823E-6	2.75732107287565231E-1
1.00230468374010262E-6	3.04162383215571452E-1
1.00230544582262993E-6	3.20487198058108769E-1
1.00230652882359750E-6	3.44526635079858190E-1
1.00230760010141595E-6	3.69153231709205043E-1
1.00230868124201700E-6	3.94711761286746654E-1
1.00231070143905643E-6	4.43780607647083336E-1
1.00231330972806898E-6	5.08286862761217328E-1
1.00231533949890594E-6	5.58206721957443808E-1
1.00231664410414156E-6	5.89640056502675414E-1
1.00231742059836182E-6	6.07969880691760967E-1
1.00231803103262651E-6	6.22133357981556223E-1
1.00231860991725963E-6	6.35337701753878470E-1
1.00231919022406890E-6	6.48330096729888083E-1
1.00231984349688852E-6	6.62636088510027843E-1
1.00232063070077748E-6	6.79383286254623986E-1
1.00232165580188148E-6	7.00305545154859654E-1
1.00232309338278180E-6	7.27765454802221079E-1
1.00232525605731104E-6	7.64383616694102308E-1
1.00232873520036425E-6	8.09651191388930513E-1
1.00233526969788755E-6	8.42598399613602389E-1
1.00234159579863347E-6	8.06925074183358682E-1
1.00234865242234372E-6	6.96868415650235740E-1
1.00235271344392451E-6	6.07372967651579909E-1
1.00235815178474885E-6	4.73374146060283074E-1
1.00236285747673826E-6	3.56818160192785960E-1
1.00236883221509543E-6	2.29600864352880496E-1
1.00237660145075402E-6	1.30146562191067217E-1
1.00238315302380454E-6	1.20562173165481901E-1
1.00238354563072107E-6	1.22445550330370168E-1
1.00238444592674303E-6	1.27440901905853599E-1
1.00238714681480867E-6	1.50198626272794611E-1
1.00238736994451383E-6	1.52626880903125084E-1
1.00238799808958845E-6	1.59750704023100298E-1
1.00238988252481231E-6	1.84400474297558326E-1
1.00239002608836847E-6	1.86488525572036057E-1
1.00239010823808461E-6	1.87687621488251666E-1
1.00239035468723281E-6	1.91335753749068727E-1
1.00239088610464955E-6	1.99455934086998021E-1
1.00239234634948304E-6	2.23435113872428737E-1
1.00239308525165205E-6	2.36449207607742773E-1
1.00239474991199762E-6	2.67614632214576353E-1
1.00239572324816750E-6	2.86904028454031224E-1
1.00239724217197268E-6	3.18245358292116265E-1
1.00240043088752784E-6	3.87152210053258328E-1
1.00240385128957743E-6	4.62472674995485811E-1
1.00240641199204972E-6	5.17228382862775593E-1
1.00240779187134743E-6	5.45398579434873199E-1
1.00240851318828339E-6	5.59612504546934275E-1
1.00240917246924655E-6	5.72246987859788536E-1
1.00240997838581269E-6	5.87182249127743550E-1
1.00241081432552925E-6	6.02031122169560096E-1
1.00241186885018552E-6	6.19741345482581973E-1
1.00241328224338133E-6	6.41517507593477365E-1
1.00241523675014066E-6	6.67531350826282033E-1
1.00241823138341468E-6	6.97059098626031304E-1
1.00242314352962825E-6	7.15431987940253666E-1
1.00242836786991951E-6	6.92022893542180295E-1
1.00243442301603181E-6	6.12445885597304773E-1
1.00244041175573395E-6	4.89232172065549165E-1
1.00244431271452594E-6	3.93029209148873893E-1
1.00244942780619595E-6	2.61535692996891367E-1
1.00245375540544268E-6	1.55454197325232846E-1
1.00246045959855379E-6	2.41940574585118595E-2
1.00246763689024854E-6	-4.93554668801374863E-2
1.00247337329250508E-6	-4.88162519147558083E-2
1.00247378332967774E-6	-4.65678829777542802E-2
1.00247440760421491E-6	-4.28395394450707645E-2
1.00247628042782555E-6	-2.81186380066825592E-2
1.00247644474612829E-6	-2.65586623953450962E-2
1.00247682147913508E-6	-2.28818543855933942E-2
1.00247795167815479E-6	-1.06843760856916736E-2
1.00247924443390835E-6	5.31065037757405456E-3
1.00248011741038767E-6	1.72666420580333169E-2
1.00248102484910828E-6	3.06026892673595086E-2
1.00248214024976479E-6	4.81574344625333861E-2
1.00248298405846925E-6	6.22187245532458455E-2
1.00248445603018910E-6	8.81335572285219015E-2
1.00248629990088234E-6	1.22645265626386268E-1
1.00248971114469798E-6	1.90087648715560409E-1
1.00249370693433892E-6	2.70147237093796999E-1
1.00249659341472919E-6	3.25172793851199593E-1
1.00249733601325364E-6	3.38593801200342659E-1
1.00249800947951750E-6	3.50414547738091109E-1
1.00249868850704682E-6	3.61962115739077817E-1
1.00249924538322110E-6	3.71133740021372160E-1
1.00249988092137032E-6	3.81248427566837522E-1
1.00250060298843136E-6	3.92255600011677652E-1
1.00250147310412752E-6	4.04788938804631648E-1
1.00250262955622871E-6	4.20119517834721190E-1
1.00250424898199353E-6	4.38829579423055538E-1
1.00250663929440842E-6	4.60009681956156413E-1
1.00251049086422794E-6	4.76410695611632029E-1
1.00251611252113704E-6	4.58772019464768821E-1
1.00252131123532839E-6	3.99345560474678463E-1
1.00252750466495200E-6	2.83076212908387514E-1
1.00253221144289517E-6	1.70978594098115866E-1
1.00253704530398924E-6	4.69078120155182710E-2
1.00254206642096433E-6	-7.80342887842533806E-2
1.00254724005750662E-6	-1.88019233294603660E-1
1.00255508995758591E-6	-2.90785384321416274E-1
1.00256206093566980E-6	-3.03490797179197758E-1
1.00256246565719631E-6	-3.01694344573905715E-1
1.00256347193435746E-6	-2.96447496934630417E-1
1.00256366061132507E-6	-2.95263777738568445E-1
1.00256421938575624E-6	-2.91525364202572534E-1
1.00256589570904975E-6	-2.77614732166738998E-1
1.00256602567164910E-6	-2.76358499633756249E-1
1.00256617116685853E-6	-2.74937809618594287E-1
1.00256660765248706E-6	-2.70505970776692894E-1
1.00256746894872473E-6	-2.61035322658723246E-1
1.00256797505102258E-6	-2.55033932042155254E-1
1.00256860367413392E-6	-2.47151544273844070E-1
1.00256949950272745E-6	-2.35140112052617489E-1
1.00257020183999468E-6	-2.25116292753432568E-1
1.00257186295964695E-6	-1.99520586606922734E-1
1.00257408058132036E-6	-1.61833169026514367E-1
1.00257772749963192E-6	-9.40711355479411893E-2
1.00258211292211996E-6	-9.38535517045366419E-3
1.00258572134333401E-6	5.71772922897744884E-2
1.00258764383967236E-6	8.96813831846669451E-2
1.00258860805712624E-6	1.04881305572558681E-1
1.00258951808992669E-6	1.18436568178972612E-1
1.00259047088348452E-6	1.31731015232784054E-1
1.00259138052038055E-6	1.43502108480760859E-1
1.00259241357945106E-6	1.55701434710489273E-1
1.00259359601360787E-6	1.68040891922854896E-1
1.00259502355902042E-6	1.80481664686231702E-1
1.00259684410184113E-6	1.92205895093226653E-1
1.00259927226712087E-6	2.00200358753440533E-1
1.00260264027872670E-6	1.96207972100180261E-1
1.00260708502338125E-6	1.64041264430155542E-1
1.00261282139457153E-6	8.10078333113069959E-2
1.00261940651504977E-6	-5.86435930842047171E-2
1.00262332894598893E-6	-1.56113131802066984E-1
1.00262878476454009E-6	-2.93368368891665243E-1
1.00263310000623274E-6	-3.93532580405925625E-1
1.00264013812603814E-6	-5.16085228611458646E-1
1.00264693525104853E-6	-5.68729982704250769E-1
1.00264733724321053E-6	-5.69406815402824762E-1
1.00264812561293359E-6	-5.70215110260652835E-1
1.00265049072210433E-6	-5.66503345957906390E-1
1.00265334243122917E-6	-5.50239197156692761E-1
1.00265363354971582E-6	-5.47815639052547176E-1
1.00265407411670537E-6	-5.44007913700050416E-1
1.00265415672301539E-6	-5.43257999808983527E-1
1.00265440454194721E-6	-5.40964798365509125E-1
1.00265514799874200E-6	-5.33573074228971400E-1
1.00265611541924660E-6	-5.22840639614951552E-1
1.00265702155366965E-6	-5.11698475670534769E-1
1.00265769129671356E-6	-5.02820207180782042E-1
1.00265898075250082E-6	-4.84307060810654821E-1
1.00265974058287832E-6	-4.72572628894025470E-1
1.00266199089758667E-6	-4.34800127030788275E-1
1.00266425733471243E-6	-3.92975465078913544E-1
1.00266875591007931E-6	-3.04185325258219619E-1
1.00267295227982656E-6	-2.20912240787893133E-1
1.00267424194613519E-6	-1.96362464964947181E-1
1.00267542933945220E-6	-1.74623563737835674E-1
1.00267606564374478E-6	-1.63373202606783652E-1
1.00267647927763170E-6	-1.56226822861300740E-1
1.00267686614262241E-6	-1.49669780453256340E-1
1.00267720173587116E-6	-1.44085418613959426E-1
1.00267754478425131E-6	-1.38480545599156257E-1
1.00267792116307963E-6	-1.32455989491467552E-1
1.00267836640264973E-6	-1.25504443564079771E-1
1.00267893915487538E-6	-1.16853533067397386E-1
1.00267972799449900E-6	-1.05503978171919766E-1
1.00268089779605241E-6	-8.99592896108417150E-2
1.00268272573244910E-6	-6.90080352508223083E-2
1.00268589999433888E-6	-4.33474241291361473E-2
1.00269155787318409E-6	-3.47922402031254352E-2
1.00269723941929101E-6	-7.55007889341312044E-2
1.00270350761701765E-6	-1.72377444491822662E-1
1.00270966394848737E-6	-3.06528439886612425E-1
1.00271367769104369E-6	-4.05533453019559875E-1
1.00271891628027343E-6	-5.33448899387518694E-1
1.00272318057272347E-6	-6.26934440628332457E-1
1.00273044755973872E-6	-7.38767209317464424E-1
1.00273717170206833E-6	-7.72717888120758545E-1
1.00273761936241135E-6	-7.72149478201219708E-1
1.00273845510426352E-6	-7.70494036072498290E-1
1.00274096232982024E-6	-7.58556303800577947E-1
1.00274120187382443E-6	-7.56828417758302407E-1
1.00274192050583633E-6	-7.51237189802495742E-1
1.00274407640187291E-6	-7.29769988893556310E-1
1.00274425958610092E-6	-7.27603597061286855E-1
1.00274454388032841E-6	-7.24184739817713119E-1
1.00274539676301200E-6	-7.13263318676640523E-1
1.00274641443559509E-6	-6.98975757775156392E-1
1.00274719720809546E-6	-6.87103693089463263E-1
1.00274788916605417E-6	-6.76007979870031583E-1
1.00274900930726751E-6	-6.56939727843829058E-1
1.00274977040472768E-6	-6.43252612216040376E-1
1.00275178633113948E-6	-6.04582314418063405E-1
1.00275394059143874E-6	-5.60070216180228986E-1
1.00275797425361679E-6	-4.72030323593960777E-1
1.00276179462025250E-6	-3.88076618412038687E-1
1.00276298647258644E-6	-3.62659449072672135E-1
1.00276408278571694E-6	-3.39951594956487790E-1
1.00276468259110452E-6	-3.27849820405144854E-1
1.00276501134838059E-6	-3.21324904480163864E-1
1.00276541149955722E-6	-3.13493876238408209E-1
1.00276576759755565E-6	-3.06632000197047816E-1
1.00276615840265748E-6	-2.99223091184049439E-1
1.00276664870328158E-6	-2.90117080760637158E-1
1.00276727371538610E-6	-2.78831261135262398E-1
1.00276817296356979E-6	-2.63270835271450832E-1
1.00276954080665592E-6	-2.41269122868825825E-1
1.00277184539018815E-6	-2.09285108627537975E-1
1.00277583107353796E-6	-1.71155559514453137E-1
1.00278240544317399E-6	-1.61266906870482862E-1
1.00278845798530769E-6	-2.11393452362592482E-1
1.00279429892351235E-6	-3.07006265765618114E-1
1.00279898866535033E-6	-4.08336489326369012E-1
1.00280359683348808E-6	-5.18380016273466815E-1
1.00280856824882258E-6	-6.35556735252979532E-1
1.00281377242607883E-6	-7.41419376658080509E-1
1.00282125730032101E-6	-8.35233329277900793E-1
1.00282792052808212E-6	-8.44174557533750303E-1
1.00282834163255252E-6	-8.42000050633405195E-1
1.00282919445029073E-6	-8.36964918010761139E-1
1.00283175290350535E-6	-8.14518156087133605E-1
1.00283582301069218E-6	-7.58064108677467097E-1
1.00283611053407351E-6	-7.53116523978317609E-1
1.00283626824423244E-6	-7.50386818293790014E-1
1.00283674137470902E-6	-7.42010202566826838E-1
1.00283758631985864E-6	-7.26377304665575263E-1
1.00283818523196055E-6	-7.14795771226771492E-1
1.00283877442450553E-6	-7.03021657434893843E-1
1.00283978378119487E-6	-6.82040743515067227E-1
1.00284054581834892E-6	-6.65570709714661746E-1
1.00284228727370595E-6	-6.26224753191640460E-1
1.00284445399763555E-6	-5.74656393195350290E-1
1.00284779569830973E-6	-4.92173190970021590E-1
1.00285079237362984E-6	-4.18073440428277898E-1
1.00285264913233929E-6	-3.73486786931966686E-1
1.00285363486809032E-6	-3.50553567336612515E-1
1.00285425469321687E-6	-3.36464553180567938E-1
1.00285497321863448E-6	-3.20496452546462196E-1
1.00285563251202614E-6	-3.06219416243860199E-1
1.00285634240215527E-6	-2.91283062509968760E-1
1.00285717332580893E-6	-2.74421817595872852E-1
1.00285817194324922E-6	-2.55118379498819081E-1
1.00285946634155709E-6	-2.31798072216847206E-1
1.00286124561700873E-6	-2.03183464251945400E-1
1.00286381368590649E-6	-1.69658926000081234E-1
1.00286784247909710E-6	-1.37538106358684264E-1
1.00287351090018850E-6	-1.37274848654445814E-1
1.00287915025350927E-6	-1.87844595754861343E-1
1.00288464459795179E-6	-2.78470113680022946E-1
1.00288825024978356E-6	-3.54432502904755742E-1
1.00289284202675644E-6	-4.60268795697471234E-1
1.00289697181205750E-6	-5.55784673550219743E-1
1.00290212971016457E-6	-6.61279633713707593E-1
1.00290887145002849E-6	-7.53082711119559356E-1
1.00291564562735092E-6	-7.72990043529759330E-1
1.00292309069741448E-6	-7.03219994241767754E-1
1.00292347315900621E-6	-6.96986645099904134E-1
1.00292442162191664E-6	-6.80858326826104943E-1
1.00292459945871237E-6	-6.77663127833534329E-1
1.00292510397052870E-6	-6.68418390581856148E-1
1.00292661750597900E-6	-6.38628000077893532E-1
1.00292674819879379E-6	-6.35903561226929614E-1
1.00292694123997128E-6	-6.31856477657188886E-1
1.00292752036350441E-6	-6.19446700656269744E-1
1.00292825203429503E-6	-6.03215017823611710E-1
1.00292838922256822E-6	-6.00095065721252041E-1
1.00292863768905649E-6	-5.94411800009610758E-1
1.00292938308852220E-6	-5.76985870485893226E-1
1.00292985100491694E-6	-5.65769981564651747E-1
1.00293063621761314E-6	-5.46511121357139107E-1
1.00293142991792283E-6	-5.26532723577575901E-1
1.00293239777977239E-6	-5.01562771951136543E-1
1.00293401990734798E-6	-4.58521929242983362E-1
1.00293644990227637E-6	-3.92283370543331067E-1
1.00293865861311704E-6	-3.31465305425521883E-1
1.00294016849790402E-6	-2.90245312491992902E-1
1.00294106470387479E-6	-2.66122894585158853E-1
1.00294166177649657E-6	-2.50251503971121725E-1
1.00294219105802251E-6	-2.36340905967745085E-1
1.00294270389972051E-6	-2.23022113210509154E-1
1.00294324999147566E-6	-2.09030576281405223E-1
1.00294388198887696E-6	-1.93107816434097601E-1
1.00294467981651048E-6	-1.73462864136613626E-1
1.00294575961233656E-6	-1.47778100448217931E-1
1.00294734089935367E-6	-1.12293957631627306E-1
1.00294982884901174E-6	-6.24269002287713537E-2
1.00295419466966207E-6	4.08937152795917047E-3
1.00296024175409237E-6	4.55648176818093642E-2
1.00296670230109397E-6	2.18065867185662388E-2
1.00297343525507632E-6	-6.96615075053258437E-2
1.00297730712545929E-6	-1.46186882280045949E-1
1.00298229932754568E-6	-2.57592758847631753E-1
1.00298675117042957E-6	-3.58275943152197973E-1
1.00299197268917140E-6	-4.61787270848296938E-1
1.00299861170467941E-6	-5.46927811585202051E-1
1.00300532988284474E-6	-5.60277119141155922E-1
1.00301252292853826E-6	-4.85601041853853133E-1
1.00301290090083328E-6	-4.79067452929449100E-1
1.00301400904586147E-6	-4.58967321305441356E-1
1.00301421682305403E-6	-4.54957645785972353E-1
1.00301484015463260E-6	-4.42647147960621279E-1
1.00301671014936744E-6	-4.02544864370416011E-1
1.00301942451800996E-6	-3.36941213612053136E-1
1.00301963390803950E-6	-3.31530424482208819E-1
1.00301989867606878E-6	-3.24657062176307898E-1
1.00302069298015661E-6	-3.03678202778281126E-1
1.00302133183912145E-6	-2.86439418358425879E-1
1.00302217221495482E-6	-2.63328991869900531E-1
1.00302304951656573E-6	-2.38748257382725582E-1
1.00302400096583644E-6	-2.11663262015758402E-1
1.00302573396536365E-6	-1.61577658375292321E-1
1.00302735437018620E-6	-1.14318378804718357E-1
1.00302839727565019E-6	-8.39323070509227520E-2
1.00302931789760974E-6	-5.72766136037176299E-2
1.00303002539876740E-6	-3.69625368761479756E-2
1.00303085058216990E-6	-1.35264379983923733E-2
1.00303168874472082E-6	9.92864425826013530E-3
1.00303284586950570E-6	4.15926551034253489E-2
1.00303454751106891E-6	8.62885941990271732E-2
1.00303731593886525E-6	1.52943235883616446E-1
1.00304207384498723E-6	2.44692834914340329E-1
1.00304942942828679E-6	3.16291792666562754E-1
1.00305613479516365E-6	3.00762333070664178E-1
1.00306275773420062E-6	2.16108374263389624E-1
1.00306682791351087E-6	1.37423944532395836E-1
1.00307198199165759E-6	2.29594105482491972E-2
1.00307655049174249E-6	-8.03538010173884487E-2
1.00308189389436020E-6	-1.85680691351175531E-1
1.00308902625311491E-6	-2.72056553009695001E-1
1.00309556046223181E-6	-2.77590922649387828E-1
1.00310228339917940E-6	-2.03288985927367838E-1
1.00310266925751268E-6	-1.96509447353226152E-1
1.00310376497225762E-6	-1.76334613101476823E-1
1.00310705211649220E-6	-1.05840625337554783E-1
1.00310727020274948E-6	-1.00631353649198152E-1
1.00310757317964838E-6	-9.33424015460808043E-2
1.00310848211034465E-6	-7.08802469703605365E-2
1.00310953306290918E-6	-4.38754704420818165E-2
1.00310968077485652E-6	-3.99871824265247966E-2
1.00310992002726040E-6	-3.36647348667460911E-2
1.00311063778447274E-6	-1.44184916078531011E-2
1.00311178487438002E-6	1.71165970684848179E-2
1.00311268139867615E-6	4.23355088913661071E-2
1.00311375135652381E-6	7.29414217323702729E-2
1.00311471914293415E-6	1.00982379682911505E-1
1.00311625989745878E-6	1.45996677149819232E-1
1.00311730445550218E-6	1.76596493929539733E-1
1.00311819382489054E-6	2.02566189521648887E-1
1.00311904750530312E-6	2.27329737891579242E-1
1.00312003425946261E-6	2.55644478038407197E-1
1.00312087555443963E-6	2.79441582149615853E-1
1.00312218857958158E-6	3.15750224421552694E-1
1.00312408287876997E-6	3.65856385817501950E-1
1.00312730403959915E-6	4.42858758537339892E-1
1.00313275466027463E-6	5.41918988433258519E-1
1.00314003802112151E-6	5.99174526962562215E-1
1.00314716953477023E-6	5.66498387709608409E-1
1.00315298265445962E-6	4.81659162161552956E-1
1.00315737079237888E-6	3.92209638386739279E-1
1.00316346330912998E-6	2.52732018913009959E-1
1.00316849550292808E-6	1.40802870712611128E-1
1.00317398476037245E-6	4.27463378413239958E-2
1.00318074520110834E-6	-1.98927168690683942E-2
1.00318570748818559E-6	-1.57627768394488799E-2
1.00319037104161723E-6	2.88185899363275722E-2
1.00319071914669111E-6	3.37853914519746557E-2
1.00319122086405432E-6	4.11499352575346222E-2
1.00319272601614462E-6	6.56303952416460579E-2
1.00319560180512224E-6	1.21448237372416212E-1
1.00319590845966444E-6	1.28117589087488870E-1
1.00319625769391330E-6	1.35785299567277518E-1
1.00319730539665963E-6	1.59614424051039783E-1
1.00319848474877427E-6	1.87808098978380156E-1
1.00319864750779608E-6	1.91817292222802327E-1
1.00319890108048448E-6	1.98091839291347460E-1
1.00319966179854836E-6	2.17238272427708878E-1
1.00320026033681819E-6	2.32622179257551620E-1
1.00320104681450561E-6	2.53212500856483658E-1
1.00320190648344187E-6	2.76143026727440999E-1
1.00320282213363066E-6	3.00966554990811996E-1
1.00320456144187409E-6	3.48871502580342119E-1
1.00320632744395266E-6	3.97984815431843764E-1
1.00320751535003749E-6	4.30958040074492654E-1
1.00320838129257539E-6	4.54812188874918988E-1
1.00320910687968801E-6	4.74611573176178947E-1
1.00320982073004128E-6	4.93872350523002446E-1
1.00321040172805831E-6	5.09358451051241090E-1
1.00321114098860731E-6	5.28773380398265580E-1
1.00321205416806425E-6	5.52241568550144368E-1
1.00321329930398218E-6	5.83171961789699456E-1
1.00321521805113711E-6	6.27953519195427390E-1
1.00321846400922565E-6	6.93914144724428006E-1
1.00322392519363457E-6	7.70432534627157306E-1
1.00323049597067526E-6	7.96493698793409699E-1
1.00323669703655383E-6	7.53086502045427686E-1
1.00324218247175700E-6	6.66349069675263728E-1
1.00324632553029547E-6	5.78421239478029214E-1
1.00325174897540692E-6	4.49457754417217537E-1
1.00325647343152147E-6	3.37554391981003077E-1
1.00326190741231125E-6	2.27894965014544715E-1
1.00326973782841899E-6	1.37485460866615639E-1
1.00327601679205802E-6	1.37909146804316562E-1
1.00327640628100201E-6	1.40395175933560123E-1
1.00327721722014185E-6	1.46152242900278795E-1
1.00327965003756248E-6	1.70162124257491221E-1
1.00327990000252187E-6	1.73242830916038004E-1
1.00328064989740051E-6	1.82929816759910824E-1
1.00328289958203709E-6	2.17034603290585970E-1
1.00328311276005633E-6	2.20679441511170804E-1
1.00328357366699317E-6	2.28701616984142531E-1
1.00328495638780324E-6	2.54384200345233413E-1
1.00328506544500184E-6	2.56517616849422980E-1
1.00328516021670255E-6	2.58376792618185958E-1
1.00328544453180490E-6	2.64016132012374083E-1
1.00328597040619605E-6	2.74684138681130730E-1
1.00328754802936881E-6	3.08368347706528478E-1
1.00328838994410319E-6	3.27297863668511813E-1
1.00328984276447808E-6	3.61232659094292208E-1
1.00329098951151741E-6	3.88976922917539314E-1
1.00329231519281903E-6	4.21827737681448323E-1
1.00329431629890298E-6	4.72345315563187196E-1
1.00329679510159031E-6	5.35154079081788225E-1
1.00329833480199992E-6	5.73614702440849555E-1
1.00329929857620037E-6	5.97217752933305146E-1
1.00329993843917209E-6	6.12620379784286229E-1
1.00330044738142021E-6	6.24693639401871437E-1
1.00330099399386619E-6	6.37465300510292820E-1
1.00330156221712152E-6	6.50508323339624273E-1
1.00330222171891692E-6	6.65321043817087698E-1
1.00330306956739390E-6	6.83801731385360245E-1
1.00330421305810402E-6	7.07618449252024817E-1
1.00330589588969721E-6	7.40061305422359350E-1
1.00330855204710523E-6	7.83998072318220984E-1
1.00331323334702960E-6	8.36074786569316686E-1
1.00331953309698885E-6	8.49201140478235139E-1
1.00332560788509473E-6	7.99079943459019759E-1
1.00333170365697599E-6	6.95182881655416107E-1
1.00333555732863311E-6	6.08676716580444754E-1
1.00334056593230470E-6	4.84908749787698401E-1
1.00334495836823701E-6	3.76151214039073700E-1
1.00335081760409639E-6	2.50377089329328051E-1
1.00335850692684292E-6	1.48946471781390311E-1
1.00336499560805703E-6	1.36275804049083993E-1
1.00336538857029733E-6	1.37972724845989658E-1
1.00336625445341032E-6	1.42350576804785711E-1
1.00336885210274840E-6	1.62866765574330730E-1
1.00336911995338518E-6	1.65656022592462038E-1
1.00336988284428408E-6	1.74039373583159573E-1
1.00337217151698166E-6	2.04148481198138576E-1
1.00337234344085613E-6	2.06721788128176254E-1
1.00337252810165767E-6	2.09507479724858792E-1
1.00337308208406162E-6	2.18120256748281260E-1
1.00337386436486842E-6	2.30911830001908047E-1
1.00337519471381831E-6	2.54227592626489818E-1
1.00337597079071550E-6	2.68673339746909701E-1
1.00337726324108290E-6	2.93926204825076454E-1
1.00337817241647764E-6	3.12493038986987282E-1
1.00338046860571772E-6	3.61587028303375568E-1
1.00338307121268033E-6	4.19736919926805729E-1
1.00338608726477241E-6	4.87782074629307516E-1
1.00338838917419104E-6	5.38406842142956599E-1
1.00338968233331038E-6	5.65762947652341897E-1
1.00339039437967603E-6	5.80370736536235388E-1
1.00339097333497573E-6	5.91971592053495321E-1
1.00339171856108145E-6	6.06501126899466669E-1
1.00339249000185737E-6	6.21023645570867888E-1
1.00339346020631881E-6	6.38468357685102905E-1
1.00339479379338203E-6	6.60806293843526493E-1
1.00339666025331953E-6	6.88518150472945223E-1
1.00339959297302528E-6	7.22589926549792594E-1
1.00340453181502176E-6	7.50401657964689051E-1
1.00341015965018165E-6	7.33857844428535611E-1
1.00341593709692223E-6	6.65029732515733496E-1
1.00342212235245642E-6	5.43770056836276972E-1
1.00342590104174767E-6	4.52575181771938873E-1
1.00343097638952372E-6	3.22946369690640944E-1
1.00343529578621471E-6	2.15897639818358522E-1
1.00344170641199737E-6	8.46832679181065551E-2
1.00344965135989939E-6	-3.52207711351993868E-3
1.00345633291309255E-6	-5.40458909167731605E-4
1.00345642166703919E-6	-1.00276873174861070E-6
1.00345648910563612E-6	4.12479090720115593E-4
1.00345669142142668E-6	1.69577635996203391E-3
1.00345709255306725E-6	4.42873503110127764E-3
1.00345807302016365E-6	1.21411135755480415E-2
1.00346101442145219E-6	4.34046167053544796E-2
1.00346122267077908E-6	4.60930786391638669E-2
1.00346149813220564E-6	4.96961138457553986E-2
1.00346223501706255E-6	5.97832334875807625E-2
1.00346265055520112E-6	6.57520677524627217E-2
1.00346362749551310E-6	8.05279395539656484E-2
1.00346434457563993E-6	9.20039747577291323E-2
1.00346541739021333E-6	1.10072476965065524E-1
1.00346709854053051E-6	1.40268159018461014E-1
1.00347035921092487E-6	2.03490757314812676E-1
1.00347427596445771E-6	2.83147021597700288E-1
1.00347776575344350E-6	3.52586790121465254E-1
1.00347981123774410E-6	3.90720122514545221E-1
1.00348087904875838E-6	4.09461980755342925E-1
1.00348164130796436E-6	4.22251926415816925E-1
1.00348246329784052E-6	4.35435172602704412E-1
1.00348325804356775E-6	4.47534887877928789E-1
1.00348411409683669E-6	4.59805120120897293E-1
1.00348510156970749E-6	4.72909651078227800E-1
1.00348628419804053E-6	4.87024726316444134E-1
1.00348778253944637E-6	5.02263781149742528E-1
1.00348978894874152E-6	5.17710689181590844E-1
1.00349258686399212E-6	5.29121987521417125E-1
1.00349677534524551E-6	5.23071989174069429E-1
1.00350172121118009E-6	4.80401642582670974E-1
1.00350721498163398E-6	3.92339233259445130E-1
1.00351282318875290E-6	2.68765893534290301E-1
1.00351670136810811E-6	1.71011083436177724E-1
1.00352166421605338E-6	4.37650249856539375E-2
1.00352588118427621E-6	-5.72477205656076116E-2
1.00353121579219007E-6	-1.61727465688085048E-1
1.00353808032147507E-6	-2.40004820260557628E-1
1.00354502017051939E-6	-2.44391394060004030E-1
1.00354543636080162E-6	-2.42064901291240897E-1
1.00354647066081415E-6	-2.35477577994416398E-1
1.00354932075296421E-6	-2.09499920822838348E-1
1.00354946318385796E-6	-2.07895776627430218E-1
1.00354967697089559E-6	-2.05459125487726046E-1
1.00355006438072447E-6	-2.00898417122608386E-1
1.00355045505645335E-6	-1.96113573627868698E-1
1.00355097668450588E-6	-1.89443314265201002E-1
1.00355159616184109E-6	-1.81119082977309898E-1
1.00355244902856833E-6	-1.68981926521424763E-1
1.00355374574308120E-6	-1.49150708467679260E-1
1.00355586226851656E-6	-1.13737559915125175E-1
1.00355912481740739E-6	-5.38311212031614161E-2
1.00356343865855724E-6	2.95816490028981249E-2
1.00356732811567340E-6	1.02606655488939857E-1
1.00356955167268236E-6	1.41005686572362032E-1
1.00357068201371780E-6	1.59094439991510872E-1
1.00357152897473867E-6	1.71891123319958528E-1
1.00357244433909121E-6	1.84917739197176334E-1
1.00357334052943425E-6	1.96802838511504374E-1
1.00357431373174721E-6	2.08667417562977864E-1
1.00357543693942164E-6	2.20924735320950072E-1
1.00357678188473587E-6	2.33449098112736575E-1
1.00357847751587648E-6	2.45685137171512213E-1
1.00358073115080559E-6	2.55442417996386073E-1
1.00358383476426671E-6	2.56125808579426373E-1
1.00358841285372113E-6	2.29747117896706987E-1
1.00359389270361987E-6	1.57754197758383130E-1
1.00360060891849789E-6	2.17902731220227919E-2
1.00360503845932891E-6	-8.69729882383851916E-2
1.00361087136509930E-6	-2.34207988658218502E-1
1.00361553002833692E-6	-3.42651960253508125E-1
1.00362182303652325E-6	-4.54979643784232479E-1
1.00362882904193329E-6	-5.14980489561572874E-1
1.00362924040573809E-6	-5.15962216477124080E-1
1.00362994920885717E-6	-5.17234251055001071E-1
1.00363207561821377E-6	-5.16069262213322943E-1
1.00363488853604332E-6	-5.03404651474088460E-1
1.00363519216014563E-6	-5.01231003881317694E-1
1.00363575870520361E-6	-4.96938376093830136E-1
1.00363586493240198E-6	-4.96072736449554963E-1
1.00363618361399709E-6	-4.93402586774634866E-1
1.00363713965878265E-6	-4.84532561119590000E-1
1.00363722201178440E-6	-4.83704145647454187E-1
1.00363738812890446E-6	-4.82014406525131012E-1
1.00363788648026442E-6	-4.76723656127193784E-1
1.00363890318360816E-6	-4.64934180175039824E-1
1.00363945298686175E-6	-4.58019840937174383E-1
1.00364060810293965E-6	-4.42349592683846016E-1
1.00364143178313525E-6	-4.30278203731536291E-1
1.00364248143165202E-6	-4.13911064994141675E-1
1.00364506398877817E-6	-3.69727234554353501E-1
1.00364822756408456E-6	-3.09994779152110222E-1
1.00365278543803482E-6	-2.19856242933100710E-1
1.00365668294044408E-6	-1.45341901285250019E-1
1.00365774363620242E-6	-1.26279277611736118E-1
1.00365872082677199E-6	-1.09434583355590020E-1
1.00365935259183736E-6	-9.89531225595332664E-2
1.00365990900636204E-6	-9.00119961626715259E-2
1.00366044894371931E-6	-8.16115162754312351E-2
1.00366098301299544E-6	-7.35836422245896138E-2
1.00366155907156962E-6	-6.52536851946800134E-2
1.00366222650714354E-6	-5.60502574383359331E-2
1.00366303217410358E-6	-4.56138015138969788E-2
1.00366407458876972E-6	-3.32647437385404565E-2
1.00366549232561741E-6	-1.86916923243380628E-2
1.00366752279161187E-6	-2.59960510884366736E-3
1.00367061075865549E-6	1.02860924569395662E-2
1.00367458745731830E-6	5.21951561109699735E-3
1.00367943522568570E-6	-3.39250508876328416E-2
1.00368493439328255E-6	-1.18030058192294307E-1
1.00369110276137530E-6	-2.50083576531354312E-1
1.00369481076821243E-6	-3.41367186994474947E-1
1.00369989532923398E-6	-4.67675449299677659E-1
1.00370407262310835E-6	-5.63707960481986525E-1
1.00371090190327306E-6	-6.82757547021271094E-1
1.00371793336011339E-6	-7.36790761936692640E-1
1.00372454138990275E-6	-7.14945614703554355E-1
1.00372494133002799E-6	-7.11239422459935255E-1
1.00372567987981465E-6	-7.03990959713795306E-1
1.00372581835789987E-6	-7.02528230833726308E-1
1.00372616652402558E-6	-6.98763398637459687E-1
1.00372721102240114E-6	-6.86449875606482163E-1
1.00372851878388492E-6	-6.68974832886702675E-1
1.00372943127267278E-6	-6.55505855942616300E-1
1.00373027702548856E-6	-6.42154214605973017E-1
1.00373149000086226E-6	-6.21670200576139642E-1
1.00373231667422713E-6	-6.06875738227734018E-1
1.00373381344813217E-6	-5.78604010881322317E-1
1.00373569023881815E-6	-5.40899375949715733E-1
1.00373915976174333E-6	-4.67110836699801890E-1
1.00374315006625592E-6	-3.80601602863175170E-1
1.00374608025852718E-6	-3.19612364844031216E-1
1.00374681417324618E-6	-3.05027465125301323E-1
1.00374747820314791E-6	-2.92159748072509595E-1
1.00374812352337073E-6	-2.79983280017452474E-1
1.00374873233000783E-6	-2.68816942869214071E-1
1.00374944459047644E-6	-2.56179657870149624E-1
1.00375029606559574E-6	-2.41720964188798337E-1
1.00375140142881025E-6	-2.24091453439703692E-1
1.00375293843167279E-6	-2.01917741832038633E-1
1.00375525470524751E-6	-1.74197152597657245E-1
1.00375889731068990E-6	-1.46046302764839719E-1
1.00376513087547692E-6	-1.45447036460668455E-1
1.00377093796897299E-6	-1.98730409102504302E-1
1.00377675717730508E-6	-2.97133717483789717E-1
1.00378137656276767E-6	-3.98509283431366201E-1
1.00378603972382452E-6	-5.10665359848519262E-1
1.00379095068656010E-6	-6.26638036554977162E-1
1.00379618045670727E-6	-7.32640072553396848E-1
1.00380372402699658E-6	-8.25698894619098134E-1
1.00381033687373589E-6	-8.33398552005894899E-1
1.00381074720655095E-6	-8.31253596891041013E-1
1.00381161887276238E-6	-8.26046997073067857E-1
1.00381423387139623E-6	-8.02891982116513070E-1
1.00381449170162140E-6	-7.99955005316532830E-1
1.00381523411354689E-6	-7.91076442483976372E-1
1.00381746134932248E-6	-7.59650462181612163E-1
1.00381762433931687E-6	-7.57057568206988307E-1
1.00381774077152452E-6	-7.55196396456805008E-1
1.00381809006814793E-6	-7.49506914403514202E-1
1.00381873097360530E-6	-7.38664846446201029E-1
1.00381883532676697E-6	-7.36844368095600188E-1
1.00381909237762068E-6	-7.32320273026260793E-1
1.00381949958450312E-6	-7.24993305225379991E-1
1.00381981728757097E-6	-7.19143614154786803E-1
1.00382049886285207E-6	-7.06218350546150297E-1
1.00382110558270976E-6	-6.94299372092874378E-1
1.00382191819290778E-6	-6.77769830980455712E-1
1.00382302783262634E-6	-6.54248158105009381E-1
1.00382536881169182E-6	-6.01724891981344534E-1
1.00382840400558426E-6	-5.29692098928349253E-1
1.00383188799678980E-6	-4.45391004535531465E-1
1.00383440484901820E-6	-3.85879788099873267E-1
1.00383568488757469E-6	-3.56732968912910176E-1
1.00383637369677725E-6	-3.41483691268619616E-1
1.00383709589570014E-6	-3.25877214838914187E-1
1.00383838891467647E-6	-2.99044967884788804E-1
1.00384013948394601E-6	-2.65305907364934468E-1
1.00384296935919193E-6	-2.18229868859535570E-1
1.00384890744656752E-6	-1.55873872336967922E-1
1.00385574138637823E-6	-1.52311156480965959E-1
1.00386201555882826E-6	-2.13360948200980260E-1
1.00386795470036860E-6	-3.18000282849588656E-1
1.00387182693678279E-6	-4.03223705514759256E-1
1.00387676290551475E-6	-5.18687390329328402E-1
1.00388105995863230E-6	-6.15633812772219269E-1
1.00388697103090752E-6	-7.24400318807646038E-1
1.00389473798118045E-6	-7.95247153031212406E-1
1.00390117958423630E-6	-7.77236939407467453E-1
1.00390157355280563E-6	-7.73594378030318275E-1
1.00390245170409531E-6	-7.64806921684751373E-1
1.00390508615796392E-6	-7.30768873871202906E-1
1.00390534074531934E-6	-7.26831912979444628E-1
1.00390607397177178E-6	-7.15087787281146881E-1
1.00390827365112867E-6	-6.75288742512419660E-1
1.00390844551336200E-6	-6.71879859289743475E-1
1.00390866898508380E-6	-6.67415786877250383E-1
1.00390933940024829E-6	-6.53655239303928415E-1
1.00391013625284220E-6	-6.36610857184004431E-1
1.00391028566270335E-6	-6.33322657080063411E-1
1.00391054516625089E-6	-6.27575380165812646E-1
1.00391107322172912E-6	-6.15663134690802849E-1
1.00391146458714942E-6	-6.06652784380152887E-1
1.00391237562565605E-6	-5.85126395372959429E-1
1.00391309480025659E-6	-5.67625143765670970E-1
1.00391409932545228E-6	-5.42524675889877628E-1
1.00391553048071169E-6	-5.05666561912215151E-1
1.00391814880325225E-6	-4.36061333186966049E-1
1.00392071064992416E-6	-3.66869247654715247E-1
1.00392253455708058E-6	-3.18050185867156454E-1
1.00392351919833889E-6	-2.92149383213347713E-1
1.00392418488467605E-6	-2.74901608010536647E-1
1.00392472238430508E-6	-2.61158913168177920E-1
1.00392539967414551E-6	-2.44107730947428836E-1
1.00392614103768629E-6	-2.25820914852471955E-1
1.00392709216368825E-6	-2.03009651067727459E-1
1.00392843896682527E-6	-1.72127800581365209E-1
1.00393044415153487E-6	-1.29720566358998912E-1
1.00393374448842421E-6	-7.09796653698848790E-2
1.00393939405733490E-6	-8.41961231758304329E-3
1.00394569851177806E-6	-1.00236057775848231E-3
1.00395024104123642E-6	-3.66604792463096718E-2
1.00395568502233168E-6	-1.18124786319819575E-1
1.00395932026597934E-6	-1.90867790613946631E-1
1.00396376125977760E-6	-2.90529082472946554E-1
1.00396794060100314E-6	-3.86551983008996336E-1
1.00397349488956156E-6	-5.00555692669498775E-1
1.00397946376189506E-6	-5.86063247911286389E-1
1.00398679163898574E-6	-6.13741042418209659E-1
1.00399341529284336E-6	-5.56570471812992107E-1
1.00399382683704053E-6	-5.50292175806957751E-1
1.00399483658909627E-6	-5.34057485468695159E-1
1.00399786584526285E-6	-4.76146983425092252E-1
1.00399799922993371E-6	-4.73277886927269176E-1
1.00399839938394697E-6	-4.64566463485564540E-1
1.00399959984598697E-6	-4.37241874480057113E-1
1.00400000000000000E-6	-4.27750231011831339E-1


