freq	dB(S(2,2))
5.00000000000000000E8	-8.26099890116994651E-1
5.00999999999999979E8	-8.24882792680184451E-1
5.02000000000000046E8	-8.23675695574074318E-1
5.02999999999999936E8	-8.22478591524821567E-1
5.04000000000000004E8	-8.21291473527935345E-1
5.04999999999999982E8	-8.20114334836916647E-1
5.06000000000000050E8	-8.18947168978102980E-1
5.07000000000000028E8	-8.17789969736354472E-1
5.08000000000000007E8	-8.16642731178593451E-1
5.08999999999999986E8	-8.15505447651133508E-1
5.09999999999999964E8	-8.14378113771240386E-1
5.11000000000000032E8	-8.13260724449032324E-1
5.12000000000000011E8	-8.12153274876766673E-1
5.12999999999999989E8	-8.11055760539398207E-1
5.13999999999999968E8	-8.09968177217065310E-1
5.15000000000000036E8	-8.08890520988029138E-1
5.16000000000000014E8	-8.07822788227161581E-1
5.16999999999999993E8	-8.06764975617435454E-1
5.17999999999999972E8	-8.05717080157129040E-1
5.18999999999999950E8	-8.04679099139943688E-1
5.20000000000000018E8	-8.03651030193351801E-1
5.20999999999999996E8	-8.02632871248973778E-1
5.22000000000000064E8	-8.01624620567413970E-1
5.22999999999999954E8	-8.00626276736896969E-1
5.24000000000000021E8	-7.99637838671427659E-1
5.25000000000000000E8	-7.98659305615450066E-1
5.25999999999999979E8	-7.97690677159174655E-1
5.27000000000000046E8	-7.96731953225062295E-1
5.27999999999999936E8	-7.95783134079464194E-1
5.29000000000000004E8	-7.94844220336394347E-1
5.29999999999999982E8	-7.93915212971572970E-1
5.31000000000000050E8	-7.92996113296110039E-1
5.32000000000000028E8	-7.92086922997146203E-1
5.33000000000000007E8	-7.91187644111698507E-1
5.33999999999999986E8	-7.90298279048057051E-1
5.34999999999999964E8	-7.89418830583526443E-1
5.36000000000000032E8	-7.88549301870585140E-1
5.37000000000000011E8	-7.87689696434172681E-1
5.37999999999999989E8	-7.86840018185367818E-1
5.38999999999999968E8	-7.86000271413213714E-1
5.40000000000000036E8	-7.85170460805613146E-1
5.41000000000000014E8	-7.84350591430813449E-1
5.41999999999999993E8	-7.83540668764894832E-1
5.42999999999999972E8	-7.82740698673516988E-1
5.43999999999999950E8	-7.81950687438193270E-1
5.45000000000000018E8	-7.81170641740794292E-1
5.45999999999999996E8	-7.80400568682818729E-1
5.47000000000000064E8	-7.79640475774362329E-1
5.47999999999999954E8	-7.78890370955734657E-1
5.49000000000000021E8	-7.78150262581311658E-1
5.50000000000000000E8	-7.77420159448190962E-1
5.50999999999999979E8	-7.76700070776178464E-1
5.52000000000000046E8	-7.75990006229259954E-1
5.52999999999999936E8	-7.75289975911446483E-1
5.54000000000000004E8	-7.74599990378659875E-1
5.54999999999999982E8	-7.73920060627724560E-1
5.56000000000000050E8	-7.73250198122909538E-1
5.57000000000000028E8	-7.72590414781480828E-1
5.58000000000000007E8	-7.71940722996286244E-1
5.58999999999999986E8	-7.71301135610626964E-1
5.59999999999999964E8	-7.70671665965150154E-1
5.61000000000000032E8	-7.70052327865061770E-1
5.62000000000000011E8	-7.69443135603084549E-1
5.62999999999999989E8	-7.68844103967139958E-1
5.63999999999999968E8	-7.68255248229413823E-1
5.65000000000000036E8	-7.67676584175272936E-1
5.66000000000000014E8	-7.67108128074849382E-1
5.66999999999999993E8	-7.66549896730015767E-1
5.67999999999999972E8	-7.66001907443380503E-1
5.68999999999999950E8	-7.65464178037665377E-1
5.70000000000000018E8	-7.64936726864893402E-1
5.70999999999999996E8	-7.64419572813088255E-1
5.72000000000000064E8	-7.63912735297056322E-1
5.72999999999999954E8	-7.63416234283123174E-1
5.74000000000000021E8	-7.62930090278407569E-1
5.75000000000000000E8	-7.62454324341112155E-1
5.75999999999999979E8	-7.61988958101778735E-1
5.77000000000000046E8	-7.61534013740270588E-1
5.77999999999999936E8	-7.61089514019557001E-1
5.79000000000000004E8	-7.60655482276712824E-1
5.79999999999999982E8	-7.60231942430752650E-1
5.81000000000000050E8	-7.59818918989349434E-1
5.82000000000000028E8	-7.59416437062693461E-1
5.83000000000000007E8	-7.59024522355561970E-1
5.83999999999999986E8	-7.58643201187954297E-1
5.84999999999999964E8	-7.58272500487216838E-1
5.86000000000000032E8	-7.57912447817801826E-1
5.87000000000000011E8	-7.57563071357959927E-1
5.87999999999999989E8	-7.57224399932372982E-1
5.88999999999999968E8	-7.56896463003649700E-1
5.90000000000000036E8	-7.56579290687993034E-1
5.91000000000000014E8	-7.56272913752016240E-1
5.91999999999999993E8	-7.55977363642600331E-1
5.92999999999999972E8	-7.55692672458775760E-1
5.93999999999999950E8	-7.55418873000174873E-1
5.95000000000000018E8	-7.55155998736267708E-1
5.95999999999999996E8	-7.54904083845789220E-1
5.97000000000000064E8	-7.54663163199010789E-1
5.97999999999999954E8	-7.54433272384561526E-1
5.99000000000000021E8	-7.54214447711279057E-1
6.00000000000000000E8	-7.54006726208677502E-1
6.00999999999999979E8	-7.53810145654858932E-1
6.02000000000000046E8	-7.53624744563078597E-1
6.02999999999999936E8	-7.53450562203698837E-1
6.04000000000000004E8	-7.53287638603277276E-1
6.04999999999999982E8	-7.53136014572551638E-1
6.06000000000000050E8	-7.52995731691380232E-1
6.07000000000000028E8	-7.52866832336033731E-1
6.08000000000000007E8	-7.52749359679737928E-1
6.08999999999999986E8	-7.52643357699551530E-1
6.09999999999999964E8	-7.52548871198119418E-1
6.11000000000000032E8	-7.52465945807286740E-1
6.12000000000000011E8	-7.52394627991828280E-1
6.12999999999999989E8	-7.52334965066116190E-1
6.13999999999999968E8	-7.52287005208520476E-1
6.15000000000000036E8	-7.52250797463643650E-1
6.16000000000000014E8	-7.52226391757874424E-1
6.16999999999999993E8	-7.52213838901940335E-1
6.17999999999999972E8	-7.52213190615284244E-1
6.18999999999999950E8	-7.52224499534845403E-1
6.20000000000000018E8	-7.52247819218958025E-1
6.20999999999999996E8	-7.52283204153406437E-1
6.22000000000000064E8	-7.52330709790317087E-1
6.22999999999999954E8	-7.52390392525725726E-1
6.24000000000000021E8	-7.52462309739058810E-1
6.25000000000000000E8	-7.52546519793112267E-1
6.25999999999999979E8	-7.52643082041130107E-1
6.27000000000000046E8	-7.52752056865260233E-1
6.27999999999999936E8	-7.52873505648672392E-1
6.29000000000000004E8	-7.53007490833292792E-1
6.29999999999999982E8	-7.53154075892192854E-1
6.31000000000000050E8	-7.53313325377084642E-1
6.32000000000000028E8	-7.53485304915797727E-1
6.33000000000000007E8	-7.53670081225792998E-1
6.33999999999999986E8	-7.53867722131724616E-1
6.34999999999999964E8	-7.54078296581479712E-1
6.36000000000000032E8	-7.54301874672653838E-1
6.37000000000000011E8	-7.54538527625275890E-1
6.37999999999999989E8	-7.54788327862776409E-1
6.38999999999999968E8	-7.55051348969963776E-1
6.40000000000000036E8	-7.55327665732629505E-1
6.40999999999999925E8	-7.55617354170882649E-1
6.41999999999999993E8	-7.55920491508376102E-1
6.42999999999999972E8	-7.56237156251745546E-1
6.44000000000000039E8	-7.56567428149970134E-1
6.45000000000000018E8	-7.56911388246358996E-1
6.45999999999999908E8	-7.57269118895937687E-1
6.47000000000000064E8	-7.57640703760609213E-1
6.47999999999999954E8	-7.58026227841497224E-1
6.49000000000000021E8	-7.58425777513123833E-1
6.50000000000000000E8	-7.58839440512940389E-1
6.50999999999999979E8	-7.59267305984647223E-1
6.52000000000000046E8	-7.59709464485461261E-1
6.52999999999999936E8	-7.60166008013107319E-1
6.54000000000000092E8	-7.60637030017984994E-1
6.54999999999999982E8	-7.61122625434187849E-1
6.55999999999999961E8	-7.61622890696861532E-1
6.57000000000000028E8	-7.62137923757541991E-1
6.58000000000000007E8	-7.62667824125374949E-1
6.59000000000000075E8	-7.63212692860129582E-1
6.59999999999999964E8	-7.63772632625234493E-1
6.60999999999999943E8	-7.64347747689369506E-1
6.62000000000000011E8	-7.64938143962742778E-1
6.62999999999999989E8	-7.65543929018314717E-1
6.64000000000000057E8	-7.66165212115726746E-1
6.65000000000000036E8	-7.66802104223284875E-1
6.65999999999999925E8	-7.67454718049565265E-1
6.66999999999999993E8	-7.68123168067607498E-1
6.67999999999999972E8	-7.68807570534895035E-1
6.69000000000000039E8	-7.69508043535641839E-1
6.70000000000000018E8	-7.70224706996187436E-1
6.70999999999999908E8	-7.70957682713265680E-1
6.72000000000000064E8	-7.71707094391216231E-1
6.72999999999999954E8	-7.72473067665628932E-1
6.74000000000000021E8	-7.73255730126325425E-1
6.75000000000000000E8	-7.74055211360979900E-1
6.75999999999999979E8	-7.74871642988788700E-1
6.77000000000000046E8	-7.75705158663634542E-1
6.77999999999999936E8	-7.76555894141144165E-1
6.79000000000000092E8	-7.77423987296175234E-1
6.79999999999999982E8	-7.78309578150506276E-1
6.80999999999999961E8	-7.79212808919160871E-1
6.82000000000000028E8	-7.80133824036926971E-1
6.83000000000000007E8	-7.81072770191501586E-1
6.84000000000000075E8	-7.82029796369634234E-1
6.84999999999999964E8	-7.83005053893081637E-1
6.85999999999999943E8	-7.83998696448902077E-1
6.87000000000000011E8	-7.85010880112784637E-1
6.87999999999999989E8	-7.86041763441078167E-1
6.89000000000000057E8	-7.87091507445447824E-1
6.90000000000000036E8	-7.88160275679054045E-1
6.90999999999999925E8	-7.89248234254032344E-1
6.91999999999999993E8	-7.90355551896690223E-1
6.92999999999999972E8	-7.91482399997334607E-1
6.94000000000000039E8	-7.92628952615642834E-1
6.95000000000000018E8	-7.93795386582509543E-1
6.95999999999999908E8	-7.94981881494178477E-1
6.97000000000000064E8	-7.96188619799376252E-1
6.97999999999999954E8	-7.97415786815716032E-1
6.99000000000000021E8	-7.98663570796818245E-1
7.00000000000000000E8	-7.99932162972705818E-1
7.00999999999999979E8	-8.01221757609953222E-1
7.02000000000000046E8	-8.02532552053980019E-1
7.02999999999999936E8	-8.03864746781857775E-1
7.04000000000000092E8	-8.05218545467052316E-1
7.04999999999999982E8	-8.06594155019409698E-1
7.05999999999999961E8	-8.07991785656313510E-1
7.07000000000000028E8	-8.09411650944919359E-1
7.08000000000000007E8	-8.10853967872877490E-1
7.09000000000000075E8	-8.12318956894208455E-1
7.09999999999999964E8	-8.13806842005417508E-1
7.10999999999999943E8	-8.15317850802149025E-1
7.12000000000000011E8	-8.16852214544175936E-1
7.12999999999999989E8	-8.18410168198757937E-1
7.14000000000000057E8	-8.19991950548021720E-1
7.15000000000000036E8	-8.21597804218009919E-1
7.15999999999999925E8	-8.23227975760510944E-1
7.16999999999999993E8	-8.24882715749365403E-1
7.17999999999999972E8	-8.26562278800488315E-1
7.19000000000000039E8	-8.28266923688660839E-1
7.20000000000000018E8	-8.29996913406604087E-1
7.20999999999999908E8	-8.31752515234234835E-1
7.22000000000000064E8	-8.33534000841995493E-1
7.22999999999999954E8	-8.35341646335374222E-1
7.24000000000000021E8	-8.37175732364531022E-1
7.25000000000000000E8	-8.39036544199117174E-1
7.25999999999999979E8	-8.40924371805760629E-1
7.27000000000000046E8	-8.42839509944312937E-1
7.27999999999999936E8	-8.44782258273689379E-1
7.29000000000000092E8	-8.46752921381622414E-1
7.29999999999999982E8	-8.48751808969670662E-1
7.30999999999999961E8	-8.50779235851155846E-1
7.32000000000000028E8	-8.52835522141204372E-1
7.33000000000000007E8	-8.54920993270447127E-1
7.34000000000000075E8	-8.57035980155230703E-1
7.34999999999999964E8	-8.59180819254189032E-1
7.35999999999999943E8	-8.61355852705961311E-1
7.37000000000000011E8	-8.63561428407262355E-1
7.37999999999999989E8	-8.65797900163848411E-1
7.39000000000000057E8	-8.68065627770234194E-1
7.40000000000000036E8	-8.70364977122122774E-1
7.40999999999999925E8	-8.72696320383838220E-1
7.41999999999999993E8	-8.75060036036201083E-1
7.42999999999999972E8	-8.77456509072536761E-1
7.44000000000000039E8	-8.79886131074702860E-1
7.45000000000000018E8	-8.82349300362433198E-1
7.45999999999999908E8	-8.84846422139833066E-1
7.47000000000000064E8	-8.87377908593968279E-1
7.47999999999999954E8	-8.89944179081402176E-1
7.49000000000000021E8	-8.92545660226180360E-1
7.50000000000000000E8	-8.95182786097699434E-1
7.50999999999999979E8	-8.97855998327035465E-1
7.52000000000000046E8	-9.00565746313037607E-1
7.52999999999999936E8	-9.03312487319364976E-1
7.54000000000000092E8	-9.06096686672488616E-1
7.54999999999999982E8	-9.08918817896994291E-1
7.55999999999999961E8	-9.11779362932709070E-1
7.57000000000000028E8	-9.14678812240262573E-1
7.58000000000000007E8	-9.17617665020977569E-1
7.59000000000000075E8	-9.20596429393206250E-1
7.59999999999999964E8	-9.23615622552721938E-1
7.60999999999999943E8	-9.26675770986481595E-1
7.62000000000000011E8	-9.29777410671447946E-1
7.62999999999999989E8	-9.32921087231670576E-1
7.64000000000000057E8	-9.36107356177532424E-1
7.65000000000000036E8	-9.39336783104046447E-1
7.65999999999999925E8	-9.42609943911015691E-1
7.66999999999999993E8	-9.45927425007622347E-1
7.67999999999999972E8	-9.49289823525800891E-1
7.69000000000000039E8	-9.52697747587102306E-1
7.70000000000000018E8	-9.56151816512393538E-1
7.70999999999999908E8	-9.59652661042329669E-1
7.72000000000000064E8	-9.63200923638027007E-1
7.72999999999999954E8	-9.66797258674896121E-1
7.74000000000000021E8	-9.70442332746249470E-1
7.75000000000000000E8	-9.74136824899039588E-1
7.75999999999999979E8	-9.77881426931610420E-1
7.77000000000000046E8	-9.81676843650479469E-1
7.77999999999999936E8	-9.85523793176499296E-1
7.79000000000000092E8	-9.89423007199243898E-1
7.79999999999999982E8	-9.93375231355522459E-1
7.80999999999999961E8	-9.97381225445610653E-1
7.82000000000000028E8	-1.00144176381334482E0
7.83000000000000007E8	-1.00555763564587508E0
7.84000000000000075E8	-1.00972964533642395E0
7.84999999999999964E8	-1.01395861276674015E0
7.85999999999999943E8	-1.01824537371693302E0
7.87000000000000011E8	-1.02259078020650618E0
7.87999999999999989E8	-1.02699570083976854E0
7.89000000000000057E8	-1.03146102122813899E0
7.90000000000000036E8	-1.03598764436224067E0
7.90999999999999925E8	-1.04057649099374361E0
7.91999999999999993E8	-1.04522850006511159E0
7.92999999999999972E8	-1.04994462913981113E0
7.94000000000000039E8	-1.05472585479663206E0
7.95000000000000018E8	-1.05957317312081645E0
7.95999999999999908E8	-1.06448760014015353E0
7.97000000000000064E8	-1.06947017228636043E0
7.97999999999999954E8	-1.07452194688542235E0
7.99000000000000021E8	-1.07964400265894023E0
8.00000000000000000E8	-1.08483744020849771E0
8.00999999999999979E8	-1.09010338258243289E0
8.01999999999999957E8	-1.09544297575982963E0
8.02999999999999936E8	-1.10085738923966692E0
8.04000000000000092E8	-1.10634781660505355E0
8.05000000000000071E8	-1.11191547607379171E0
8.05999999999999872E8	-1.11756161113311303E0
8.07000000000000028E8	-1.12328749117015336E0
8.08000000000000007E8	-1.12909441202295913E0
8.08999999999999986E8	-1.13498369673729416E0
8.09999999999999964E8	-1.14095669616106798E0
8.10999999999999943E8	-1.14701478965963877E0
8.12000000000000099E8	-1.15315938584653743E0
8.12999999999999901E8	-1.15939192324981133E0
8.14000000000000057E8	-1.16571387113527747E0
8.15000000000000036E8	-1.17212673022559155E0
8.16000000000000014E8	-1.17863203351074208E0
8.16999999999999993E8	-1.18523134708790523E0
8.17999999999999972E8	-1.19192627093723047E0
8.19000000000000128E8	-1.19871843987384286E0
8.19999999999999929E8	-1.20560952435712254E0
8.20999999999999908E8	-1.21260123148767862E0
8.22000000000000064E8	-1.21969530584351094E0
8.23000000000000043E8	-1.22689353058278394E0
8.24000000000000021E8	-1.23419772833052854E0
8.25000000000000000E8	-1.24160976226908071E0
8.25999999999999979E8	-1.24913153720187786E0
8.26999999999999957E8	-1.25676500062363417E0
8.27999999999999936E8	-1.26451214383967536E0
8.29000000000000092E8	-1.27237500316320173E0
8.30000000000000071E8	-1.28035566109045540E0
8.30999999999999872E8	-1.28845624751145715E0
8.32000000000000028E8	-1.29667894103547665E0
8.33000000000000007E8	-1.30502597024946398E0
8.33999999999999986E8	-1.31349961506624524E0
8.34999999999999964E8	-1.32210220818800339E0
8.35999999999999943E8	-1.33083613645605614E0
8.37000000000000099E8	-1.33970384237482532E0
8.37999999999999901E8	-1.34870782561266411E0
8.39000000000000057E8	-1.35785064461561245E0
8.40000000000000036E8	-1.36713491820268729E0
8.41000000000000014E8	-1.37656332725956232E0
8.41999999999999993E8	-1.38613861644415470E0
8.42999999999999972E8	-1.39586359595974518E0
8.44000000000000128E8	-1.40574114348318080E0
8.44999999999999929E8	-1.41577420593435899E0
8.45999999999999908E8	-1.42596580157545549E0
8.47000000000000064E8	-1.43631902189969285E0
8.48000000000000043E8	-1.44683703386956353E0
8.49000000000000021E8	-1.45752308193817859E0
8.50000000000000000E8	-1.46838049038086171E0
8.50999999999999979E8	-1.47941266557253348E0
8.51999999999999957E8	-1.49062309831159601E0
8.52999999999999936E8	-1.50201536640511790E0
8.54000000000000092E8	-1.51359313707689536E0
8.55000000000000071E8	-1.52536016965998500E0
8.55999999999999872E8	-1.53732031835560057E0
8.57000000000000028E8	-1.54947753495297524E0
8.58000000000000007E8	-1.56183587178508865E0
8.58999999999999986E8	-1.57439948474452640E0
8.59999999999999964E8	-1.58717263632320948E0
8.60999999999999943E8	-1.60015969886585041E0
8.62000000000000099E8	-1.61336515796360991E0
8.62999999999999901E8	-1.62679361572125836E0
8.64000000000000057E8	-1.64044979447993233E0
8.65000000000000036E8	-1.65433854039605199E0
8.66000000000000014E8	-1.66846482727526535E0
8.66999999999999993E8	-1.68283376057010181E0
8.67999999999999972E8	-1.69745058136949734E0
8.69000000000000128E8	-1.71232067069626659E0
8.69999999999999929E8	-1.72744955386398624E0
8.70999999999999908E8	-1.74284290499769901E0
8.72000000000000064E8	-1.75850655174634585E0
8.73000000000000043E8	-1.77444648019593609E0
8.74000000000000021E8	-1.79066883981491420E0
8.75000000000000000E8	-1.80717994874353138E0
8.75999999999999979E8	-1.82398629922930722E0
8.76999999999999957E8	-1.84109456323630694E0
8.77999999999999936E8	-1.85851159820361933E0
8.79000000000000092E8	-1.87624445321427413E0
8.80000000000000071E8	-1.89430037517397443E0
8.80999999999999872E8	-1.91268681529740392E0
8.82000000000000028E8	-1.93141143595466436E0
8.83000000000000007E8	-1.95048211754907963E0
8.83999999999999986E8	-1.96990696592355974E0
8.84999999999999964E8	-1.98969431983784806E0
8.85999999999999943E8	-2.00985275873603308E0
8.87000000000000099E8	-2.03039111102715530E0
8.87999999999999901E8	-2.05131846244380167E0
8.89000000000000057E8	-2.07264416486350944E0
8.90000000000000036E8	-2.09437784544727235E0
8.91000000000000014E8	-2.11652941610217393E0
8.91999999999999993E8	-2.13910908337017247E0
8.92999999999999972E8	-2.16212735871142492E0
8.94000000000000128E8	-2.18559506904781742E0
8.94999999999999929E8	-2.20952336806799776E0
8.95999999999999908E8	-2.23392374760939116E0
8.97000000000000064E8	-2.25880804975526939E0
8.98000000000000043E8	-2.28418847936333780E0
8.99000000000000021E8	-2.31007761704591053E0
9.00000000000000000E8	-2.33648843271561990E0
9.00999999999999979E8	-2.36343429988772380E0
9.01999999999999957E8	-2.39092901018966453E0
9.02999999999999936E8	-2.41898678889886520E0
9.04000000000000092E8	-2.44762231089712312E0
9.05000000000000071E8	-2.47685071729618977E0
9.05999999999999872E8	-2.50668763294034358E0
9.07000000000000028E8	-2.53714918459412253E0
9.08000000000000007E8	-2.56825201990286356E0
9.08999999999999986E8	-2.60001332712903777E0
9.09999999999999964E8	-2.63245085597545181E0
9.10999999999999943E8	-2.66558293903709131E0
9.12000000000000099E8	-2.69942851464407330E0
9.12999999999999901E8	-2.73400715020530027E0
9.14000000000000057E8	-2.76933906717549982E0
9.15000000000000036E8	-2.80544516674532796E0
9.16000000000000014E8	-2.84234705697371037E0
9.16999999999999993E8	-2.88006708111409537E0
9.17999999999999972E8	-2.91862834731479781E0
9.19000000000000128E8	-2.95805475974671817E0
9.19999999999999929E8	-2.99837105124793890E0
9.20999999999999908E8	-3.03960281744866556E0
9.22000000000000064E8	-3.08177655281628571E0
9.23000000000000043E8	-3.12491968827674649E0
9.24000000000000021E8	-3.16906063092329315E0
9.25000000000000000E8	-3.21422880564599556E0
9.25999999999999979E8	-3.26045469878009930E0
9.26999999999999957E8	-3.30776990437619300E0
9.27999999999999936E8	-3.35620717272589397E0
9.29000000000000092E8	-3.40580046135532744E0
9.30000000000000071E8	-3.45658498901329647E0
9.30999999999999872E8	-3.50859729249341168E0
9.32000000000000028E8	-3.56187528671122777E0
9.33000000000000007E8	-3.61645832796364930E0
9.33999999999999986E8	-3.67238728122195823E0
9.34999999999999964E8	-3.72970459073515404E0
9.35999999999999943E8	-3.78845435537656661E0
9.37000000000000099E8	-3.84868240803354533E0
9.37999999999999901E8	-3.91043640017731420E0
9.39000000000000057E8	-3.97376589128211943E0
9.40000000000000036E8	-4.03872244409333447E0
9.41000000000000014E8	-4.10535972588779963E0
9.41999999999999993E8	-4.17373361620554739E0
9.42999999999999972E8	-4.24390232179114779E0
9.44000000000000128E8	-4.31592649899876868E0
9.44999999999999929E8	-4.38986938482924316E0
9.45999999999999908E8	-4.46579693663015842E0
9.47000000000000064E8	-4.54377798205707784E0
9.48000000000000043E8	-4.62388437958207810E0
9.49000000000000021E8	-4.70619119067601410E0
9.50000000000000000E8	-4.79077686491849430E0
9.50999999999999979E8	-4.87772343927110885E0
9.51999999999999957E8	-4.96711675245637885E0
9.52999999999999936E8	-5.05904667669606400E0
9.54000000000000092E8	-5.15360736775659856E0
9.55000000000000071E8	-5.25089753563222050E0
9.55999999999999872E8	-5.35102073831433156E0
9.57000000000000028E8	-5.45408569985893266E0
9.58000000000000007E8	-5.56020665750247911E0
9.58999999999999986E8	-5.66950373845689448E0
9.59999999999999964E8	-5.78210337236252236E0
9.60999999999999943E8	-5.89813874108662439E0
9.62000000000000099E8	-6.01775027240798721E0
9.62999999999999901E8	-6.14108618081645119E0
9.64000000000000057E8	-6.26830306325865294E0
9.65000000000000036E8	-6.39956655472096614E0
9.66000000000000014E8	-6.53505205278800538E0
9.66999999999999993E8	-6.67494551909016032E0
9.67999999999999972E8	-6.81944436850277036E0
9.69000000000000128E8	-6.96875845822778039E0
9.69999999999999929E8	-7.12311118932040443E0
9.70999999999999908E8	-7.28274073830992386E0
9.72000000000000064E8	-7.44790143667319082E0
9.73000000000000043E8	-7.61886532061708799E0
9.74000000000000021E8	-7.79592387702209066E0
9.75000000000000000E8	-7.97939001628728128E0
9.75999999999999979E8	-8.16960030782085767E0
9.76999999999999957E8	-8.36691752283475942E0
9.77999999999999936E8	-8.57173353393429416E0
9.79000000000000092E8	-8.78447263627727359E0
9.80000000000000071E8	-9.00559536228383983E0
9.80999999999999872E8	-9.23560288326429912E0
9.82000000000000028E8	-9.47504210744812525E0
9.83000000000000007E8	-9.72451160946086901E0
9.83999999999999986E8	-9.98466856055027208E0
9.84999999999999964E8	-1.02562368645561275E1
9.85999999999999943E8	-1.05400167607096140E1
9.87000000000000099E8	-1.08368962174869354E1
9.87999999999999901E8	-1.11478645305921908E1
9.89000000000000057E8	-1.14740286503781252E1
9.90000000000000036E8	-1.18166329158230932E1
9.91000000000000014E8	-1.21770830726430468E1
9.91999999999999993E8	-1.25569757249945391E1
9.92999999999999972E8	-1.29581347400496250E1
9.94000000000000128E8	-1.33826566340750408E1
9.94999999999999929E8	-1.38329676789398737E1
9.95999999999999908E8	-1.43118964641411806E1
9.97000000000000064E8	-1.48227670697090574E1
9.98000000000000043E8	-1.53695200441720070E1
9.99000000000000021E8	-1.59568713313019428E1
1.00000000000000000E9	-1.65905235831421538E1
1.00099999999999989E9	-1.72774505173673876E1
1.00200000000000000E9	-1.80262838196178476E1
1.00299999999999989E9	-1.88478439402609377E1
1.00400000000000000E9	-1.97558693695331078E1
1.00500000000000012E9	-2.07680037179612675E1
1.00599999999999978E9	-2.19070553740957674E1
1.00700000000000012E9	-2.32022948698592568E1
1.00800000000000001E9	-2.46895052678421623E1
1.00899999999999990E9	-2.64043299174002044E1
1.01000000000000001E9	-2.83473552429477449E1
1.01099999999999990E9	-3.03476525185490820E1
1.01200000000000001E9	-3.17322607831260450E1
1.01299999999999990E9	-3.14930719308188811E1
1.01400000000000001E9	-2.98358399143430431E1
1.01500000000000012E9	-2.77979891180524952E1
1.01600000000000001E9	-2.58922659834498026E1
1.01699999999999990E9	-2.42224932018742090E1
1.01800000000000002E9	-2.27724167621412033E1
1.01900000000000013E9	-2.15048580793037081E1
1.02000000000000002E9	-2.03855040196465742E1
1.02099999999999991E9	-1.93868280869759557E1
1.02200000000000002E9	-1.84874712252690121E1
1.02300000000000013E9	-1.76708989860486865E1
1.02400000000000002E9	-1.69242049324475330E1
1.02499999999999991E9	-1.62371935550178104E1
1.02600000000000002E9	-1.56017069698525401E1
1.02699999999999991E9	-1.50111351726810072E1
1.02800000000000002E9	-1.44600584600361715E1
1.02900000000000014E9	-1.39439839284003098E1
1.03000000000000003E9	-1.34591490708205197E1
1.03099999999999992E9	-1.30023736080053931E1
1.03200000000000003E9	-1.25709463597125071E1
1.03299999999999992E9	-1.21625378657496586E1
1.03400000000000003E9	-1.17751321516889673E1
1.03499999999999992E9	-1.14069728926344061E1
1.03600000000000003E9	-1.10565205250099496E1
1.03700000000000014E9	-1.07224177712143764E1
1.03799999999999981E9	-1.04034616927990942E1
1.03900000000000015E9	-1.00985808579181935E1
1.04000000000000004E9	-9.80681655020253729E0
1.04099999999999993E9	-9.52730719786016067E0
1.04200000000000004E9	-9.25927538829454555E0
1.04299999999999993E9	-9.00201697457200112E0
1.04400000000000004E9	-8.75489188464626800E0
1.04499999999999993E9	-8.51731632691064178E0
1.04599999999999982E9	-8.28875614693427920E0
1.04700000000000015E9	-8.06872113866049645E0
1.04800000000000004E9	-7.85676015181254783E0
1.04899999999999993E9	-7.65245686642841605E0
1.05000000000000004E9	-7.45542612887574130E0
1.05099999999999993E9	-7.26531076316003954E0
1.05200000000000005E9	-7.08177878569096286E0
1.05299999999999994E9	-6.90452096453553210E0
1.05400000000000005E9	-6.73324867320112297E0
1.05500000000000016E9	-6.56769199775338119E0
1.05599999999999983E9	-6.40759806246625807E0
1.05699999999999994E9	-6.25272954442940421E0
1.05800000000000005E9	-6.10286335194854601E0
1.05899999999999994E9	-5.95778944623024032E0
1.06000000000000005E9	-5.81730978703182355E0
1.06099999999999994E9	-5.68123738807189493E0
1.06200000000000006E9	-5.54939546787350757E0
1.06299999999999994E9	-5.42161668488009774E0
1.06400000000000006E9	-5.29774244712940501E0
1.06499999999999995E9	-5.17762228733598651E0
1.06600000000000006E9	-5.06111329653835096E0
1.06699999999999995E9	-4.94807960924746837E0
1.06800000000000006E9	-4.83839193476609264E0
1.06900000000000017E9	-4.73192712948818972E0
1.06999999999999984E9	-4.62856780584855976E0
1.07099999999999995E9	-4.52820197420694281E0
1.07200000000000006E9	-4.43072271433678022E0
1.07299999999999995E9	-4.33602787292383862E0
1.07400000000000007E9	-4.24401978537911173E0
1.07499999999999996E9	-4.15460501924067049E0
1.07600000000000007E9	-4.06769413634698651E0
1.07699999999999996E9	-3.98320147343039332E0
1.07799999999999985E9	-3.90104493808405106E0
1.07900000000000018E9	-3.82114581953564691E0
1.08000000000000007E9	-3.74342861254220871E0
1.08099999999999996E9	-3.66782085320810936E0
1.08200000000000007E9	-3.59425296599767341E0
1.08299999999999996E9	-3.52265812057354699E0
1.08400000000000007E9	-3.45297209795478555E0
1.08499999999999996E9	-3.38513316512450979E0
1.08599999999999985E9	-3.31908195734203160E0
1.08700000000000019E9	-3.25476136757007994E0
1.08799999999999986E9	-3.19211644265920658E0
1.08899999999999997E9	-3.13109428535610368E0
1.09000000000000008E9	-3.07164396209251045E0
1.09099999999999997E9	-3.01371641595239259E0
1.09200000000000008E9	-2.95726438450708784E0
1.09299999999999997E9	-2.90224232192850495E0
1.09400000000000008E9	-2.84860632563442717E0
1.09499999999999997E9	-2.79631406643817471E0
1.09599999999999986E9	-2.74532472246827819E0
1.09699999999999998E9	-2.69559891664308315E0
1.09800000000000009E9	-2.64709865702491509E0
1.09899999999999998E9	-2.59978728029201100E0
1.10000000000000009E9	-2.55362939788629806E0
1.10099999999999998E9	-2.50859084487119066E0
1.10199999999999987E9	-2.46463863126876515E0
1.10299999999999998E9	-2.42174089540992199E0
1.10400000000000009E9	-2.37986685986884172E0
1.10499999999999998E9	-2.33898678903309731E0
1.10599999999999987E9	-2.29907194891675370E0
1.10699999999999998E9	-2.26009456856103252E0
1.10800000000000010E9	-2.22202780333703043E0
1.10899999999999999E9	-2.18484569972368092E0
1.10999999999999988E9	-2.14852316167278268E0
1.11099999999999999E9	-2.11303591849590200E0
1.11200000000000010E9	-2.07836049402520606E0
1.11299999999999999E9	-2.04447417717566005E0
1.11400000000000010E9	-2.01135499368916149E0
1.11499999999999999E9	-1.97898167906778188E0
1.11600000000000010E9	-1.94733365277124260E0
1.11699999999999999E9	-1.91639099317004824E0
1.11799999999999988E9	-1.88613441388557268E0
1.11900000000000022E9	-1.85654524079012662E0
1.11999999999999988E9	-1.82760539019380497E0
1.12100000000000000E9	-1.79929734767822191E0
1.12200000000000011E9	-1.77160414796099186E0
1.12300000000000000E9	-1.74450935543564079E0
1.12400000000000011E9	-1.71799704552726240E0
1.12500000000000000E9	-1.69205178681808999E0
1.12599999999999989E9	-1.66665862375779028E0
1.12700000000000000E9	-1.64180306021535327E0
1.12799999999999989E9	-1.61747104346880777E0
1.12900000000000000E9	-1.59364894902728782E0
1.13000000000000012E9	-1.57032356579998944E0
1.13099999999999978E9	-1.54748208203735804E0
1.13200000000000012E9	-1.52511207167035789E0
1.13300000000000001E9	-1.50320148125099662E0
1.13399999999999990E9	-1.48173861732756684E0
1.13500000000000001E9	-1.46071213430157387E0
1.13599999999999990E9	-1.44011102278313352E0
1.13700000000000001E9	-1.41992459826178696E0
1.13799999999999990E9	-1.40014249044814720E0
1.13900000000000001E9	-1.38075463262401810E0
1.14000000000000012E9	-1.36175125175797263E0
1.14100000000000001E9	-1.34312285876507587E0
1.14199999999999990E9	-1.32486023919134888E0
1.14300000000000002E9	-1.30695444418660855E0
1.14400000000000013E9	-1.28939678190942608E0
1.14500000000000002E9	-1.27217880915759252E0
1.14599999999999991E9	-1.25529232322512296E0
1.14700000000000002E9	-1.23872935429492381E0
1.14800000000000013E9	-1.22248215783999070E0
1.14900000000000002E9	-1.20654320743195442E0
1.14999999999999991E9	-1.19090518779474142E0
1.15100000000000002E9	-1.17556098807006926E0
1.15199999999999991E9	-1.16050369534363540E0
1.15300000000000002E9	-1.14572658839721964E0
1.15400000000000014E9	-1.13122313164624666E0
1.15500000000000003E9	-1.11698696934311581E0
1.15599999999999992E9	-1.10301191994317871E0
1.15700000000000003E9	-1.08929197069788364E0
1.15799999999999992E9	-1.07582127236984837E0
1.15900000000000003E9	-1.06259413420641979E0
1.15999999999999992E9	-1.04960501904451364E0
1.16100000000000003E9	-1.03684853862851134E0
1.16200000000000014E9	-1.02431944895150240E0
1.16299999999999981E9	-1.01201264596127527E0
1.16400000000000015E9	-9.99923161242824854E-1
1.16500000000000004E9	-9.88046157946468462E-1
1.16599999999999993E9	-9.76376926761396469E-1
1.16700000000000004E9	-9.64910882112128832E-1
1.16799999999999993E9	-9.53643558484441378E-1
1.16900000000000004E9	-9.42570606748559214E-1
1.16999999999999993E9	-9.31687790760408419E-1
1.17099999999999982E9	-9.20990984009918279E-1
1.17200000000000015E9	-9.10476166310609258E-1
1.17300000000000004E9	-9.00139420755651720E-1
1.17399999999999993E9	-8.89976930607043748E-1
1.17500000000000004E9	-8.79984976419834730E-1
1.17599999999999993E9	-8.70159933160274335E-1
1.17700000000000005E9	-8.60498267484964252E-1
1.17799999999999994E9	-8.50996535086941464E-1
1.17900000000000005E9	-8.41651378117483340E-1
1.18000000000000016E9	-8.32459522682630571E-1
1.18099999999999983E9	-8.23417776463294970E-1
1.18199999999999994E9	-8.14523026370427417E-1
1.18300000000000005E9	-8.05772236288797750E-1
1.18399999999999994E9	-7.97162444881368426E-1
1.18500000000000005E9	-7.88690763509589221E-1
1.18599999999999994E9	-7.80354374149390129E-1
1.18700000000000006E9	-7.72150527392817310E-1
1.18799999999999994E9	-7.64076540595455711E-1
1.18900000000000006E9	-7.56129795944065375E-1
1.18999999999999995E9	-7.48307738687787971E-1
1.19100000000000006E9	-7.40607875382719527E-1
1.19199999999999995E9	-7.33027772200936134E-1
1.19300000000000006E9	-7.25565053302050256E-1
1.19400000000000017E9	-7.18217399205181195E-1
1.19499999999999984E9	-7.10982545272661959E-1
1.19599999999999995E9	-7.03858280260634750E-1
1.19700000000000006E9	-6.96842444754006785E-1
1.19799999999999995E9	-6.89932929904155667E-1
1.19900000000000007E9	-6.83127675961006808E-1
1.19999999999999996E9	-6.76424670986188126E-1
1.20100000000000007E9	-6.69821949594910926E-1
1.20199999999999996E9	-6.63317591680285812E-1
1.20299999999999985E9	-6.56909721224082155E-1
1.20400000000000018E9	-6.50596505150878723E-1
1.20500000000000007E9	-6.44376152119474543E-1
1.20599999999999996E9	-6.38246911527749905E-1
1.20700000000000007E9	-6.32207072366826939E-1
1.20799999999999996E9	-6.26254962189587694E-1
1.20900000000000007E9	-6.20388946160063792E-1
1.20999999999999996E9	-6.14607426018861869E-1
1.21099999999999985E9	-6.08908839166658034E-1
1.21200000000000019E9	-6.03291657725790653E-1
1.21299999999999986E9	-5.97754387668665466E-1
1.21399999999999997E9	-5.92295567942142132E-1
1.21500000000000008E9	-5.86913769593112367E-1
1.21599999999999997E9	-5.81607595018338408E-1
1.21700000000000008E9	-5.76375677097653583E-1
1.21799999999999997E9	-5.71216678479706630E-1
1.21900000000000008E9	-5.66129290792708595E-1
1.21999999999999997E9	-5.61112233933391913E-1
1.22099999999999986E9	-5.56164255353186832E-1
1.22199999999999998E9	-5.51284129390126587E-1
1.22300000000000009E9	-5.46470656562708434E-1
1.22399999999999998E9	-5.41722662955016077E-1
1.22500000000000009E9	-5.37038999566013420E-1
1.22599999999999998E9	-5.32418541698669401E-1
1.22699999999999987E9	-5.27860188380692286E-1
1.22799999999999998E9	-5.23362861758434228E-1
1.22900000000000009E9	-5.18925506538797787E-1
1.22999999999999998E9	-5.14547089456204532E-1
1.23099999999999987E9	-5.10226598722369662E-1
1.23199999999999998E9	-5.05963043518550748E-1
1.23300000000000010E9	-5.01755453478654889E-1
1.23399999999999999E9	-4.97602878217327493E-1
1.23499999999999988E9	-4.93504386832083419E-1
1.23599999999999999E9	-4.89459067441722873E-1
1.23700000000000010E9	-4.85466026759151870E-1
1.23799999999999999E9	-4.81524389611958270E-1
1.23900000000000010E9	-4.77633298535771100E-1
1.23999999999999999E9	-4.73791913377500595E-1
1.24100000000000010E9	-4.69999410840187437E-1
1.24199999999999999E9	-4.66254984131732275E-1
1.24299999999999988E9	-4.62557842557588561E-1
1.24400000000000022E9	-4.58907211164101803E-1
1.24499999999999988E9	-4.55302330359360052E-1
1.24600000000000000E9	-4.51742455554918099E-1
1.24700000000000011E9	-4.48226856838750543E-1
1.24800000000000000E9	-4.44754818618229564E-1
1.24900000000000011E9	-4.41325639318593410E-1
1.25000000000000000E9	-4.37938631032012538E-1
1.25099999999999989E9	-4.34593119224449520E-1
1.25200000000000000E9	-4.31288442442988185E-1
1.25299999999999989E9	-4.28023951993210261E-1
1.25400000000000000E9	-4.24799011673509597E-1
1.25500000000000012E9	-4.21612997489141605E-1
1.25599999999999978E9	-4.18465297383519452E-1
1.25700000000000012E9	-4.15355310947018186E-1
1.25800000000000001E9	-4.12282449200283274E-1
1.25899999999999990E9	-4.09246134299062181E-1
1.26000000000000001E9	-4.06245799326588397E-1
1.26099999999999990E9	-4.03280888016820693E-1
1.26200000000000001E9	-4.00350854543936929E-1
1.26299999999999990E9	-3.97455163290560520E-1
1.26400000000000001E9	-3.94593288609553028E-1
1.26500000000000012E9	-3.91764714636803912E-1
1.26600000000000001E9	-3.88968935042556252E-1
1.26699999999999990E9	-3.86205452854493014E-1
1.26800000000000002E9	-3.83473780250870622E-1
1.26900000000000013E9	-3.80773438344278148E-1
1.27000000000000002E9	-3.78103957010771108E-1
1.27099999999999991E9	-3.75464874694989259E-1
1.27200000000000002E9	-3.72855738233351364E-1
1.27300000000000013E9	-3.70276102665338147E-1
1.27400000000000002E9	-3.67725531068645317E-1
1.27499999999999991E9	-3.65203594390123776E-1
1.27600000000000002E9	-3.62709871264747585E-1
1.27699999999999991E9	-3.60243947878141180E-1
1.27800000000000002E9	-3.57805417789516245E-1
1.27900000000000014E9	-3.55393881790509258E-1
1.28000000000000003E9	-3.53008947743325630E-1
1.28099999999999992E9	-3.50650230449097977E-1
1.28199999999999981E9	-3.48317351485165716E-1
1.28300000000000014E9	-3.46009939076872053E-1
1.28400000000000003E9	-3.43727627967883276E-1
1.28499999999999992E9	-3.41470059269413762E-1
1.28600000000000003E9	-3.39236880344658687E-1
1.28699999999999992E9	-3.37027744673987284E-1
1.28800000000000003E9	-3.34842311732201114E-1
1.28900000000000015E9	-3.32680246869878671E-1
1.29000000000000004E9	-3.30541221186312395E-1
1.29099999999999993E9	-3.28424911429541311E-1
1.29199999999999982E9	-3.26330999862448579E-1
1.29300000000000015E9	-3.24259174174397424E-1
1.29400000000000004E9	-3.22209127350299074E-1
1.29499999999999993E9	-3.20180557582146585E-1
1.29599999999999982E9	-3.18173168165573195E-1
1.29699999999999993E9	-3.16186667383975006E-1
1.29800000000000004E9	-3.14220768422690000E-1
1.29899999999999993E9	-3.12275189266306930E-1
1.30000000000000004E9	-3.10349652614559313E-1
1.30099999999999993E9	-3.08443885784620342E-1
1.30200000000000005E9	-3.06557620603824876E-1
1.30300000000000016E9	-3.04690593357910755E-1
1.30400000000000005E9	-3.02842544661406698E-1
1.30500000000000016E9	-3.01013219421851019E-1
1.30599999999999983E9	-2.99202366713034440E-1
1.30699999999999994E9	-2.97409739721148147E-1
1.30800000000000027E9	-2.95635095652883528E-1
1.30899999999999994E9	-2.93878195672140485E-1
1.31000000000000005E9	-2.92138804811034314E-1
1.31099999999999994E9	-2.90416691902064583E-1
1.31199999999999983E9	-2.88711629503129119E-1
1.31300000000000017E9	-2.87023393837586616E-1
1.31400000000000006E9	-2.85351764706438127E-1
1.31499999999999995E9	-2.83696525441638681E-1
1.31600000000000006E9	-2.82057462816078086E-1
1.31699999999999973E9	-2.80434367012202301E-1
1.31800000000000006E9	-2.78827031519632218E-1
1.31900000000000017E9	-2.77235253104909818E-1
1.31999999999999984E9	-2.75658831735467524E-1
1.32099999999999995E9	-2.74097570525033296E-1
1.32199999999999984E9	-2.72551275672231341E-1
1.32299999999999995E9	-2.71019756405294032E-1
1.32400000000000007E9	-2.69502824928263607E-1
1.32499999999999996E9	-2.68000296367107183E-1
1.32600000000000007E9	-2.66511988709570513E-1
1.32699999999999996E9	-2.65037722760554972E-1
1.32800000000000007E9	-2.63577322092803357E-1
1.32900000000000018E9	-2.62130612986835665E-1
1.33000000000000007E9	-2.60697424382901266E-1
1.33099999999999996E9	-2.59277587849280255E-1
1.33199999999999985E9	-2.57870937515854814E-1
1.33300000000000018E9	-2.56477310034743855E-1
1.33400000000000007E9	-2.55096544544227255E-1
1.33499999999999996E9	-2.53728482604316330E-1
1.33599999999999985E9	-2.52372968177820178E-1
1.33699999999999997E9	-2.51029847567259035E-1
1.33800000000000008E9	-2.49698969386842373E-1
1.33899999999999997E9	-2.48380184514348468E-1
1.34000000000000008E9	-2.47073346052281106E-1
1.34099999999999997E9	-2.45778309294600605E-1
1.34199999999999986E9	-2.44494931682145600E-1
1.34300000000000019E9	-2.43223072761912951E-1
1.34400000000000008E9	-2.41962594165781075E-1
1.34499999999999997E9	-2.40713359555713557E-1
1.34599999999999986E9	-2.39475234599986875E-1
1.34699999999999998E9	-2.38248086932666681E-1
1.34800000000000009E9	-2.37031786127726063E-1
1.34899999999999998E9	-2.35826203653493671E-1
1.35000000000000009E9	-2.34631212856597049E-1
1.35099999999999998E9	-2.33446688907142530E-1
1.35199999999999987E9	-2.32272508797027211E-1
1.35300000000000020E9	-2.31108551278147223E-1
1.35400000000000009E9	-2.29954696852884855E-1
1.35499999999999998E9	-2.28810827742681999E-1
1.35599999999999987E9	-2.27676827844455065E-1
1.35699999999999976E9	-2.26552582727596930E-1
1.35800000000000010E9	-2.25437979576700620E-1
1.35899999999999999E9	-2.24332907190034181E-1
1.35999999999999988E9	-2.23237255933616474E-1
1.36099999999999999E9	-2.22150917728081643E-1
1.36199999999999988E9	-2.21073786012329876E-1
1.36299999999999999E9	-2.20005755731609609E-1
1.36400000000000010E9	-2.18946723297080581E-1
1.36499999999999999E9	-2.17896586572645390E-1
1.36600000000000010E9	-2.16855244847776696E-1
1.36699999999999977E9	-2.15822598814866584E-1
1.36800000000000010E9	-2.14798550539394784E-1
1.36900000000000022E9	-2.13783003449059050E-1
1.36999999999999988E9	-2.12775862305971009E-1
1.37100000000000000E9	-2.11777033180830587E-1
1.37199999999999989E9	-2.10786423437257620E-1
1.37300000000000000E9	-2.09803941712110387E-1
1.37400000000000011E9	-2.08829497886401327E-1
1.37500000000000000E9	-2.07863003075165631E-1
1.37599999999999989E9	-2.06904369603522342E-1
1.37700000000000000E9	-2.05953510982952981E-1
1.37800000000000011E9	-2.05010341902359361E-1
1.37900000000000000E9	-2.04074778197094142E-1
1.38000000000000012E9	-2.03146736841562658E-1
1.38099999999999978E9	-2.02226135923799344E-1
1.38199999999999990E9	-2.01312894632540162E-1
1.38300000000000023E9	-2.00406933235981732E-1
1.38399999999999990E9	-1.99508173066928185E-1
1.38500000000000001E9	-1.98616536508510522E-1
1.38599999999999990E9	-1.97731946969397399E-1
1.38700000000000001E9	-1.96854328878473561E-1
1.38800000000000012E9	-1.95983607661589110E-1
1.38900000000000001E9	-1.95119709727173274E-1
1.39000000000000012E9	-1.94262562452969823E-1
1.39100000000000001E9	-1.93412094168704773E-1
1.39199999999999990E9	-1.92568234145254191E-1
1.39300000000000024E9	-1.91730912574195389E-1
1.39400000000000013E9	-1.90900060559144480E-1
1.39500000000000002E9	-1.90075610095099279E-1
1.39599999999999991E9	-1.89257494069168120E-1
1.39699999999999980E9	-1.88445646224463226E-1
1.39800000000000013E9	-1.87640001165968240E-1
1.39900000000000002E9	-1.86840494341189167E-1
1.39999999999999991E9	-1.86047062025174892E-1
1.40100000000000002E9	-1.85259641309051082E-1
1.40199999999999991E9	-1.84478170092975402E-1
1.40300000000000002E9	-1.83702587062328448E-1
1.40400000000000014E9	-1.82932831688544351E-1
1.40500000000000003E9	-1.82168844210680803E-1
1.40599999999999992E9	-1.81410565622785769E-1
1.40699999999999981E9	-1.80657937667308488E-1
1.40800000000000014E9	-1.79910902818283680E-1
1.40900000000000003E9	-1.79169404277151889E-1
1.40999999999999992E9	-1.78433385957028090E-1
1.41100000000000003E9	-1.77702792471739057E-1
1.41199999999999992E9	-1.76977569128706147E-1
1.41300000000000003E9	-1.76257661918714348E-1
1.41400000000000015E9	-1.75543017500904508E-1
1.41500000000000004E9	-1.74833583196894593E-1
1.41599999999999993E9	-1.74129306986491006E-1
1.41699999999999982E9	-1.73430137483308155E-1
1.41800000000000015E9	-1.72736023941336958E-1
1.41900000000000004E9	-1.72046916233993241E-1
1.41999999999999993E9	-1.71362764851213933E-1
1.42099999999999982E9	-1.70683520891560581E-1
1.42199999999999993E9	-1.70009136047396936E-1
1.42300000000000004E9	-1.69339562602255533E-1
1.42399999999999993E9	-1.68674753418442958E-1
1.42500000000000004E9	-1.68014661930673403E-1
1.42599999999999993E9	-1.67359242137842812E-1
1.42700000000000005E9	-1.66708448594671887E-1
1.42800000000000016E9	-1.66062236401129404E-1
1.42900000000000005E9	-1.65420561201507876E-1
1.43000000000000016E9	-1.64783379168939725E-1
1.43099999999999983E9	-1.64150647003023753E-1
1.43199999999999994E9	-1.63522321917359603E-1
1.43300000000000027E9	-1.62898361640695954E-1
1.43399999999999994E9	-1.62278724402499019E-1
1.43500000000000005E9	-1.61663368926010698E-1
1.43599999999999994E9	-1.61052254424923147E-1
1.43699999999999983E9	-1.60445340594406316E-1
1.43800000000000017E9	-1.59842587605676645E-1
1.43900000000000006E9	-1.59243956096780992E-1
1.43999999999999995E9	-1.58649407171308976E-1
1.44100000000000006E9	-1.58058902384222022E-1
1.44199999999999973E9	-1.57472403742930678E-1
1.44300000000000006E9	-1.56889873695461768E-1
1.44400000000000017E9	-1.56311275129970806E-1
1.44499999999999984E9	-1.55736571360845399E-1
1.44599999999999995E9	-1.55165726133220638E-1
1.44699999999999984E9	-1.54598703608746524E-1
1.44799999999999995E9	-1.54035468362172723E-1
1.44900000000000007E9	-1.53475985376603319E-1
1.44999999999999996E9	-1.52920220034843046E-1
1.45100000000000007E9	-1.52368138121738883E-1
1.45199999999999996E9	-1.51819705813488004E-1
1.45300000000000007E9	-1.51274889665094814E-1
1.45400000000000018E9	-1.50733656619155032E-1
1.45500000000000007E9	-1.50195973993029641E-1
1.45599999999999996E9	-1.49661809474534602E-1
1.45699999999999985E9	-1.49131131115513060E-1
1.45800000000000018E9	-1.48603907329705853E-1
1.45900000000000007E9	-1.48080106888373808E-1
1.45999999999999996E9	-1.47559698913517812E-1
1.46099999999999985E9	-1.47042652871233215E-1
1.46199999999999997E9	-1.46528938572486633E-1
1.46300000000000008E9	-1.46018526164571272E-1
1.46399999999999997E9	-1.45511386128784470E-1
1.46500000000000008E9	-1.45007489274368995E-1
1.46599999999999997E9	-1.44506806732533577E-1
1.46699999999999986E9	-1.44009309959027210E-1
1.46800000000000019E9	-1.43514970721977497E-1
1.46900000000000008E9	-1.43023761102944236E-1
1.46999999999999997E9	-1.42535653489226832E-1
1.47099999999999986E9	-1.42050620575157094E-1
1.47199999999999998E9	-1.41568635351082750E-1
1.47300000000000009E9	-1.41089671104361436E-1
1.47399999999999998E9	-1.40613701414602277E-1
1.47500000000000009E9	-1.40140700150231901E-1
1.47599999999999998E9	-1.39670641461324285E-1
1.47699999999999987E9	-1.39203499782987294E-1
1.47800000000000020E9	-1.38739249823042532E-1
1.47900000000000009E9	-1.38277866565425844E-1
1.47999999999999998E9	-1.37819325263595061E-1
1.48099999999999987E9	-1.37363601437583394E-1
1.48199999999999976E9	-1.36910670871700590E-1
1.48300000000000010E9	-1.36460509606258951E-1
1.48399999999999999E9	-1.36013093943680685E-1
1.48499999999999988E9	-1.35568400435185943E-1
1.48599999999999999E9	-1.35126405884764789E-1
1.48699999999999988E9	-1.34687087341197609E-1
1.48799999999999999E9	-1.34250422099057931E-1
1.48900000000000010E9	-1.33816387691759164E-1
1.48999999999999999E9	-1.33384961893480813E-1
1.49100000000000010E9	-1.32956122707705360E-1
1.49199999999999977E9	-1.32529848375467285E-1
1.49300000000000010E9	-1.32106117364085973E-1
1.49400000000000022E9	-1.31684908366671016E-1
1.49499999999999988E9	-1.31266200299702307E-1
1.49600000000000000E9	-1.30849972300673345E-1
1.49699999999999989E9	-1.30436203723644351E-1
1.49800000000000000E9	-1.30024874138707802E-1
1.49900000000000011E9	-1.29615963329309225E-1
1.50000000000000000E9	-1.29209451285798216E-1


