optIter	freq	dB(S(1,1))[0, ::]
51	5.00000000000000000E8	-6.10889050099414810E-1
51	5.00999999999999979E8	-6.11148950875611696E-1
51	5.02000000000000046E8	-6.11413213989418658E-1
51	5.02999999999999936E8	-6.11681873794871578E-1
51	5.04000000000000004E8	-6.11954964833965409E-1
51	5.04999999999999982E8	-6.12232521838787758E-1
51	5.06000000000000050E8	-6.12514579726697050E-1
51	5.07000000000000028E8	-6.12801173616797357E-1
51	5.08000000000000007E8	-6.13092338824421113E-1
51	5.08999999999999986E8	-6.13388110864280822E-1
51	5.09999999999999964E8	-6.13688525460907641E-1
51	5.11000000000000032E8	-6.13993618544613096E-1
51	5.12000000000000011E8	-6.14303426255425133E-1
51	5.12999999999999989E8	-6.14617984951865814E-1
51	5.13999999999999968E8	-6.14937331215563798E-1
51	5.15000000000000036E8	-6.15261501838625868E-1
51	5.16000000000000014E8	-6.15590533859149147E-1
51	5.16999999999999993E8	-6.15924464526860227E-1
51	5.17999999999999972E8	-6.16263331341740006E-1
51	5.18999999999999950E8	-6.16607172029234185E-1
51	5.20000000000000018E8	-6.16956024561105298E-1
51	5.20999999999999996E8	-6.17309927159276839E-1
51	5.22000000000000064E8	-6.17668918289487401E-1
51	5.22999999999999954E8	-6.18033036676542213E-1
51	5.24000000000000021E8	-6.18402321302397695E-1
51	5.25000000000000000E8	-6.18776811408167937E-1
51	5.25999999999999979E8	-6.19156546506300920E-1
51	5.27000000000000046E8	-6.19541566374453012E-1
51	5.27999999999999936E8	-6.19931911073049235E-1
51	5.29000000000000004E8	-6.20327620936463475E-1
51	5.29999999999999982E8	-6.20728736586141228E-1
51	5.31000000000000050E8	-6.21135298924218304E-1
51	5.32000000000000028E8	-6.21547349160913143E-1
51	5.33000000000000007E8	-6.21964928792240812E-1
51	5.33999999999999986E8	-6.22388079621823298E-1
51	5.34999999999999964E8	-6.22816843753836924E-1
51	5.36000000000000032E8	-6.23251263614282713E-1
51	5.37000000000000011E8	-6.23691381940853251E-1
51	5.37999999999999989E8	-6.24137241789703534E-1
51	5.38999999999999968E8	-6.24588886547072697E-1
51	5.40000000000000036E8	-6.25046359936940998E-1
51	5.41000000000000014E8	-6.25509706007717625E-1
51	5.41999999999999993E8	-6.25978969159510967E-1
51	5.42999999999999972E8	-6.26454194132235909E-1
51	5.43999999999999950E8	-6.26935426030824594E-1
51	5.45000000000000018E8	-6.27422710301772657E-1
51	5.45999999999999996E8	-6.27916092768044809E-1
51	5.47000000000000064E8	-6.28415619613591403E-1
51	5.47999999999999954E8	-6.28921337401665603E-1
51	5.49000000000000021E8	-6.29433293073715650E-1
51	5.50000000000000000E8	-6.29951533956196918E-1
51	5.50999999999999979E8	-6.30476107772744410E-1
51	5.52000000000000046E8	-6.31007062636571359E-1
51	5.52999999999999936E8	-6.31544447066686310E-1
51	5.54000000000000004E8	-6.32088309994795150E-1
51	5.54999999999999982E8	-6.32638700769095408E-1
51	5.56000000000000050E8	-6.33195669155164875E-1
51	5.57000000000000028E8	-6.33759265347954237E-1
51	5.58000000000000007E8	-6.34329539980764601E-1
51	5.58999999999999986E8	-6.34906544126726047E-1
51	5.59999999999999964E8	-6.35490329304995250E-1
51	5.61000000000000032E8	-6.36080947485686643E-1
51	5.62000000000000011E8	-6.36678451105884502E-1
51	5.62999999999999989E8	-6.37282893071209777E-1
51	5.63999999999999968E8	-6.37894326756287455E-1
51	5.65000000000000036E8	-6.38512806020428236E-1
51	5.66000000000000014E8	-6.39138385210051929E-1
51	5.66999999999999993E8	-6.39771119174443736E-1
51	5.67999999999999972E8	-6.40411063257475544E-1
51	5.68999999999999950E8	-6.41058273319151439E-1
51	5.70000000000000018E8	-6.41712805732067615E-1
51	5.70999999999999996E8	-6.42374717407175311E-1
51	5.72000000000000064E8	-6.43044065773008811E-1
51	5.72999999999999954E8	-6.43720908807942038E-1
51	5.74000000000000021E8	-6.44405305042428989E-1
51	5.75000000000000000E8	-6.45097313554018115E-1
51	5.75999999999999979E8	-6.45796994004067404E-1
51	5.77000000000000046E8	-6.46504406604640014E-1
51	5.77999999999999936E8	-6.47219612167466796E-1
51	5.79000000000000004E8	-6.47942672084681526E-1
51	5.79999999999999982E8	-6.48673648353673471E-1
51	5.81000000000000050E8	-6.49412603581787007E-1
51	5.82000000000000028E8	-6.50159600988915543E-1
51	5.83000000000000007E8	-6.50914704419214907E-1
51	5.83999999999999986E8	-6.51677978354961418E-1
51	5.84999999999999964E8	-6.52449487922518667E-1
51	5.86000000000000032E8	-6.53229298902669164E-1
51	5.87000000000000011E8	-6.54017477738341402E-1
51	5.87999999999999989E8	-6.54814091548947452E-1
51	5.88999999999999968E8	-6.55619208130533515E-1
51	5.90000000000000036E8	-6.56432895976469588E-1
51	5.91000000000000014E8	-6.57255224281024919E-1
51	5.91999999999999993E8	-6.58086262953561008E-1
51	5.92999999999999972E8	-6.58926082626278387E-1
51	5.93999999999999950E8	-6.59774754665792251E-1
51	5.95000000000000018E8	-6.60632351184108302E-1
51	5.95999999999999996E8	-6.61498945043757480E-1
51	5.97000000000000064E8	-6.62374609887833365E-1
51	5.97999999999999954E8	-6.63259420119284826E-1
51	5.99000000000000021E8	-6.64153450944521673E-1
51	6.00000000000000000E8	-6.65056778367790979E-1
51	6.00999999999999979E8	-6.65969479199457659E-1
51	6.02000000000000046E8	-6.66891631088071080E-1
51	6.02999999999999936E8	-6.67823312510020894E-1
51	6.04000000000000004E8	-6.68764602787774542E-1
51	6.04999999999999982E8	-6.69715582114123009E-1
51	6.06000000000000050E8	-6.70676331552230565E-1
51	6.07000000000000028E8	-6.71646933050468320E-1
51	6.08000000000000007E8	-6.72627469465567529E-1
51	6.08999999999999986E8	-6.73618024559126738E-1
51	6.09999999999999964E8	-6.74618683022246834E-1
51	6.11000000000000032E8	-6.75629530494263353E-1
51	6.12000000000000011E8	-6.76650653554300430E-1
51	6.12999999999999989E8	-6.77682139771045478E-1
51	6.13999999999999968E8	-6.78724077679502713E-1
51	6.15000000000000036E8	-6.79776556816610888E-1
51	6.16000000000000014E8	-6.80839667741399701E-1
51	6.16999999999999993E8	-6.81913502027502183E-1
51	6.17999999999999972E8	-6.82998152305494521E-1
51	6.18999999999999950E8	-6.84093712251659714E-1
51	6.20000000000000018E8	-6.85200276626796700E-1
51	6.20999999999999996E8	-6.86317941276834009E-1
51	6.22000000000000064E8	-6.87446803164572184E-1
51	6.22999999999999954E8	-6.88586960360231082E-1
51	6.24000000000000021E8	-6.89738512089569245E-1
51	6.25000000000000000E8	-6.90901558730073084E-1
51	6.25999999999999979E8	-6.92076201833843907E-1
51	6.27000000000000046E8	-6.93262544147864457E-1
51	6.27999999999999936E8	-6.94460689631253292E-1
51	6.29000000000000004E8	-6.95670743472726638E-1
51	6.29999999999999982E8	-6.96892812108761195E-1
51	6.31000000000000050E8	-6.98127003235188415E-1
51	6.32000000000000028E8	-6.99373425851184205E-1
51	6.33000000000000007E8	-7.00632190247421960E-1
51	6.33999999999999986E8	-7.01903408042790389E-1
51	6.34999999999999964E8	-7.03187192208855905E-1
51	6.36000000000000032E8	-7.04483657075371106E-1
51	6.37000000000000011E8	-7.05792918369704481E-1
51	6.37999999999999989E8	-7.07115093224078706E-1
51	6.38999999999999968E8	-7.08450300195493377E-1
51	6.40000000000000036E8	-7.09798659303351265E-1
51	6.40999999999999925E8	-7.11160292037068320E-1
51	6.41999999999999993E8	-7.12535321380791231E-1
51	6.42999999999999972E8	-7.13923871849741154E-1
51	6.44000000000000039E8	-7.15326069501081019E-1
51	6.45000000000000018E8	-7.16742041956678921E-1
51	6.45999999999999908E8	-7.18171918429839184E-1
51	6.47000000000000064E8	-7.19615829767367998E-1
51	6.47999999999999954E8	-7.21073908439693323E-1
51	6.49000000000000021E8	-7.22546288606283049E-1
51	6.50000000000000000E8	-7.24033106105518964E-1
51	6.50999999999999979E8	-7.25534498510411474E-1
51	6.52000000000000046E8	-7.27050605136900074E-1
51	6.52999999999999936E8	-7.28581567081376669E-1
51	6.54000000000000092E8	-7.30127527245953267E-1
51	6.54999999999999982E8	-7.31688630362058312E-1
51	6.55999999999999961E8	-7.33265023040676134E-1
51	6.57000000000000028E8	-7.34856853763843532E-1
51	6.58000000000000007E8	-7.36464272952880705E-1
51	6.59000000000000075E8	-7.38087432970570223E-1
51	6.59999999999999964E8	-7.39726488182773778E-1
51	6.60999999999999943E8	-7.41381594959454837E-1
51	6.62000000000000011E8	-7.43052911721238551E-1
51	6.62999999999999989E8	-7.44740598976106050E-1
51	6.64000000000000057E8	-7.46444819356010925E-1
51	6.65000000000000036E8	-7.48165737624472271E-1
51	6.65999999999999925E8	-7.49903520750102803E-1
51	6.66999999999999993E8	-7.51658337913616315E-1
51	6.67999999999999972E8	-7.53430360559642587E-1
51	6.69000000000000039E8	-7.55219762423008412E-1
51	6.70000000000000018E8	-7.57026719577194473E-1
51	6.70999999999999908E8	-7.58851410457654918E-1
51	6.72000000000000064E8	-7.60694015929871270E-1
51	6.72999999999999954E8	-7.62554719280967763E-1
51	6.74000000000000021E8	-7.64433706308118133E-1
51	6.75000000000000000E8	-7.66331165342071152E-1
51	6.75999999999999979E8	-7.68247287277080737E-1
51	6.77000000000000046E8	-7.70182265643977093E-1
51	6.77999999999999936E8	-7.72136296602657524E-1
51	6.79000000000000092E8	-7.74109579053821495E-1
51	6.79999999999999982E8	-7.76102314621472367E-1
51	6.80999999999999961E8	-7.78114707752702905E-1
51	6.82000000000000028E8	-7.80146965713476881E-1
51	6.83000000000000007E8	-7.82199298688502509E-1
51	6.84000000000000075E8	-7.84271919783545801E-1
51	6.84999999999999964E8	-7.86365045114233041E-1
51	6.85999999999999943E8	-7.88478893827516636E-1
51	6.87000000000000011E8	-7.90613688166626538E-1
51	6.87999999999999989E8	-7.92769653533011365E-1
51	6.89000000000000057E8	-7.94947018523710192E-1
51	6.90000000000000036E8	-7.97146014994071805E-1
51	6.90999999999999925E8	-7.99366878119667668E-1
51	6.91999999999999993E8	-8.01609846446941532E-1
51	6.92999999999999972E8	-8.03875161941044958E-1
51	6.94000000000000039E8	-8.06163070073601062E-1
51	6.95000000000000018E8	-8.08473819852603270E-1
51	6.95999999999999908E8	-8.10807663923162281E-1
51	6.97000000000000064E8	-8.13164858587415829E-1
51	6.97999999999999954E8	-8.15545663887093042E-1
51	6.99000000000000021E8	-8.17950343690129422E-1
51	7.00000000000000000E8	-8.20379165719256420E-1
51	7.00999999999999979E8	-8.22832401665084490E-1
51	7.02000000000000046E8	-8.25310327205677652E-1
51	7.02999999999999936E8	-8.27813222131042359E-1
51	7.04000000000000092E8	-8.30341370370803844E-1
51	7.04999999999999982E8	-8.32895060105333052E-1
51	7.05999999999999961E8	-8.35474583813652139E-1
51	7.07000000000000028E8	-8.38080238370156394E-1
51	7.08000000000000007E8	-8.40712325105308977E-1
51	7.09000000000000075E8	-8.43371149907669349E-1
51	7.09999999999999964E8	-8.46057023299760225E-1
51	7.10999999999999943E8	-8.48770260517486186E-1
51	7.12000000000000011E8	-8.51511181598547395E-1
51	7.12999999999999989E8	-8.54280111464389691E-1
51	7.14000000000000057E8	-8.57077380037650549E-1
51	7.15000000000000036E8	-8.59903322286692706E-1
51	7.15999999999999925E8	-8.62758278369749121E-1
51	7.16999999999999993E8	-8.65642593697296547E-1
51	7.17999999999999972E8	-8.68556619037974365E-1
51	7.19000000000000039E8	-8.71500710621650398E-1
51	7.20000000000000018E8	-8.74475230252406810E-1
51	7.20999999999999908E8	-8.77480545390136690E-1
51	7.22000000000000064E8	-8.80517029280034436E-1
51	7.22999999999999954E8	-8.83585061032540686E-1
51	7.24000000000000021E8	-8.86685025768598578E-1
51	7.25000000000000000E8	-8.89817314723216768E-1
51	7.25999999999999979E8	-8.92982325339696814E-1
51	7.27000000000000046E8	-8.96180461427912256E-1
51	7.27999999999999936E8	-8.99412133235949973E-1
51	7.29000000000000092E8	-9.02677757623502508E-1
51	7.29999999999999982E8	-9.05977758172053527E-1
51	7.30999999999999961E8	-9.09312565295286213E-1
51	7.32000000000000028E8	-9.12682616390276102E-1
51	7.33000000000000007E8	-9.16088355993121795E-1
51	7.34000000000000075E8	-9.19530235862744583E-1
51	7.34999999999999964E8	-9.23008715181696715E-1
51	7.35999999999999943E8	-9.26524260665987853E-1
51	7.37000000000000011E8	-9.30077346727145837E-1
51	7.37999999999999989E8	-9.33668455616232507E-1
51	7.39000000000000057E8	-9.37298077587402290E-1
51	7.40000000000000036E8	-9.40966711060898753E-1
51	7.40999999999999925E8	-9.44674862765512557E-1
51	7.41999999999999993E8	-9.48423047933889052E-1
51	7.42999999999999972E8	-9.52211790444689044E-1
51	7.44000000000000039E8	-9.56041623019417841E-1
51	7.45000000000000018E8	-9.59913087392569153E-1
51	7.45999999999999908E8	-9.63826734474887381E-1
51	7.47000000000000064E8	-9.67783124590558153E-1
51	7.47999999999999954E8	-9.71782827617135680E-1
51	7.49000000000000021E8	-9.75826423196917148E-1
51	7.50000000000000000E8	-9.79914500951147893E-1
51	7.50999999999999979E8	-9.84047660692518100E-1
51	7.52000000000000046E8	-9.88226512585170802E-1
51	7.52999999999999936E8	-9.92451677421500023E-1
51	7.54000000000000092E8	-9.96723786797746847E-1
51	7.54999999999999982E8	-1.00104348337186866E0
51	7.55999999999999961E8	-1.00541142106809689E0
51	7.57000000000000028E8	-1.00982826533275971E0
51	7.58000000000000007E8	-1.01429469337838141E0
51	7.59000000000000075E8	-1.01881139440219504E0
51	7.59999999999999964E8	-1.02337906988095440E0
51	7.60999999999999943E8	-1.02799843380876887E0
51	7.62000000000000011E8	-1.03267021296582628E0
51	7.62999999999999989E8	-1.03739514719969139E0
51	7.64000000000000057E8	-1.04217398969596076E0
51	7.65000000000000036E8	-1.04700750729003378E0
51	7.65999999999999925E8	-1.05189648071844988E0
51	7.66999999999999993E8	-1.05684170495203444E0
51	7.67999999999999972E8	-1.06184398952407211E0
51	7.69000000000000039E8	-1.06690415880952494E0
51	7.70000000000000018E8	-1.07202305234163342E0
51	7.70999999999999908E8	-1.07720152520888202E0
51	7.72000000000000064E8	-1.08244044834576814E0
51	7.72999999999999954E8	-1.08774070888861485E0
51	7.74000000000000021E8	-1.09310321054482862E0
51	7.75000000000000000E8	-1.09852887397263910E0
51	7.75999999999999979E8	-1.10401863714155590E0
51	7.77000000000000046E8	-1.10957345572378507E0
51	7.77999999999999936E8	-1.11519430352214699E0
51	7.79000000000000092E8	-1.12088217282136560E0
51	7.79999999999999982E8	-1.12663807487340906E0
51	7.80999999999999961E8	-1.13246304028733236E0
51	7.82000000000000028E8	-1.13835811946734178E0
51	7.83000000000000007E8	-1.14432438309855078E0
51	7.84000000000000075E8	-1.15036292260374284E0
51	7.84999999999999964E8	-1.15647485059738120E0
51	7.85999999999999943E8	-1.16266130140186719E0
51	7.87000000000000011E8	-1.16892343154546485E0
51	7.87999999999999989E8	-1.17526242028074135E0
51	7.89000000000000057E8	-1.18167947012008567E0
51	7.90000000000000036E8	-1.18817580736342543E0
51	7.90999999999999925E8	-1.19475268268255830E0
51	7.91999999999999993E8	-1.20141137170740175E0
51	7.92999999999999972E8	-1.20815317556359503E0
51	7.94000000000000039E8	-1.21497942155033534E0
51	7.95000000000000018E8	-1.22189146371346502E0
51	7.95999999999999908E8	-1.22889068351224529E0
51	7.97000000000000064E8	-1.23597849049395103E0
51	7.97999999999999954E8	-1.24315632293999800E0
51	7.99000000000000021E8	-1.25042564855974714E0
51	8.00000000000000000E8	-1.25778796527194237E0
51	8.00999999999999979E8	-1.26524480186842148E0
51	8.01999999999999957E8	-1.27279771879324866E0
51	8.02999999999999936E8	-1.28044830894350281E0
51	8.04000000000000092E8	-1.28819819847851957E0
51	8.05000000000000071E8	-1.29604904758379691E0
51	8.05999999999999872E8	-1.30400255139193577E0
51	8.07000000000000028E8	-1.31206044082924844E0
51	8.08000000000000007E8	-1.32022448348686594E0
51	8.08999999999999986E8	-1.32849648457906921E0
51	8.09999999999999964E8	-1.33687828789495544E0
51	8.10999999999999943E8	-1.34537177674149211E0
51	8.12000000000000099E8	-1.35397887499407532E0
51	8.12999999999999901E8	-1.36270154811091571E0
51	8.14000000000000057E8	-1.37154180421118022E0
51	8.15000000000000036E8	-1.38050169515539189E0
51	8.16000000000000014E8	-1.38958331769313670E0
51	8.16999999999999993E8	-1.39878881461842464E0
51	8.17999999999999972E8	-1.40812037602959972E0
51	8.19000000000000128E8	-1.41758024044058351E0
51	8.19999999999999929E8	-1.42717069616626535E0
51	8.20999999999999908E8	-1.43689408260919871E0
51	8.22000000000000064E8	-1.44675279156282888E0
51	8.23000000000000043E8	-1.45674926867944343E0
51	8.24000000000000021E8	-1.46688601485821102E0
51	8.25000000000000000E8	-1.47716558774916651E0
51	8.25999999999999979E8	-1.48759060323253500E0
51	8.26999999999999957E8	-1.49816373706600015E0
51	8.27999999999999936E8	-1.50888772644339753E0
51	8.29000000000000092E8	-1.51976537174172099E0
51	8.30000000000000071E8	-1.53079953813369896E0
51	8.30999999999999872E8	-1.54199315747618604E0
51	8.32000000000000028E8	-1.55334923008740078E0
51	8.33000000000000007E8	-1.56487082670398592E0
51	8.33999999999999986E8	-1.57656109030528424E0
51	8.34999999999999964E8	-1.58842323828839005E0
51	8.35999999999999943E8	-1.60046056443632079E0
51	8.37000000000000099E8	-1.61267644115444586E0
51	8.37999999999999901E8	-1.62507432159432619E0
51	8.39000000000000057E8	-1.63765774203410763E0
51	8.40000000000000036E8	-1.65043032418124347E0
51	8.41000000000000014E8	-1.66339577766260427E0
51	8.41999999999999993E8	-1.67655790249873204E0
51	8.42999999999999972E8	-1.68992059174494136E0
51	8.44000000000000128E8	-1.70348783422427541E0
51	8.44999999999999929E8	-1.71726371719562487E0
51	8.45999999999999908E8	-1.73125242936425372E0
51	8.47000000000000064E8	-1.74545826375161894E0
51	8.48000000000000043E8	-1.75988562082535127E0
51	8.49000000000000021E8	-1.77453901166440042E0
51	8.50000000000000000E8	-1.78942306125229433E0
51	8.50999999999999979E8	-1.80454251186895442E0
51	8.51999999999999957E8	-1.81990222659170109E0
51	8.52999999999999936E8	-1.83550719295694242E0
51	8.54000000000000092E8	-1.85136252671306289E0
51	8.55000000000000071E8	-1.86747347572897771E0
51	8.55999999999999872E8	-1.88384542398756349E0
51	8.57000000000000028E8	-1.90048389583364274E0
51	8.58000000000000007E8	-1.91739456020235810E0
51	8.58999999999999986E8	-1.93458323512702934E0
51	8.59999999999999964E8	-1.95205589243205546E0
51	8.60999999999999943E8	-1.96981866243276871E0
51	8.62000000000000099E8	-1.98787783896323944E0
51	8.62999999999999901E8	-2.00623988457364533E0
51	8.64000000000000057E8	-2.02491143575995647E0
51	8.65000000000000036E8	-2.04389930856336743E0
51	8.66000000000000014E8	-2.06321050432500863E0
51	8.66999999999999993E8	-2.08285221559792344E0
51	8.67999999999999972E8	-2.10283183232173343E0
51	8.69000000000000128E8	-2.12315694824962353E0
51	8.69999999999999929E8	-2.14383536754975168E0
51	8.70999999999999908E8	-2.16487511175015257E0
51	8.72000000000000064E8	-2.18628442684488844E0
51	8.73000000000000043E8	-2.20807179070820681E0
51	8.74000000000000021E8	-2.23024592084050610E0
51	8.75000000000000000E8	-2.25281578238666702E0
51	8.75999999999999979E8	-2.27579059643173398E0
51	8.76999999999999957E8	-2.29917984858789382E0
51	8.77999999999999936E8	-2.32299329805506138E0
51	8.79000000000000092E8	-2.34724098694320826E0
51	8.80000000000000071E8	-2.37193324989525989E0
51	8.80999999999999872E8	-2.39708072433832786E0
51	8.82000000000000028E8	-2.42269436078111955E0
51	8.83000000000000007E8	-2.44878543390143255E0
51	8.83999999999999986E8	-2.47536555382301637E0
51	8.84999999999999964E8	-2.50244667797353548E0
51	8.85999999999999943E8	-2.53004112339765097E0
51	8.87000000000000099E8	-2.55816157958692125E0
51	8.87999999999999901E8	-2.58682112187001811E0
51	8.89000000000000057E8	-2.61603322529959481E0
51	8.90000000000000036E8	-2.64581177917224242E0
51	8.91000000000000014E8	-2.67617110223587940E0
51	8.91999999999999993E8	-2.70712595837218828E0
51	8.92999999999999972E8	-2.73869157319504009E0
51	8.94000000000000128E8	-2.77088365113834190E0
51	8.94999999999999929E8	-2.80371839339765350E0
51	8.95999999999999908E8	-2.83721251681840236E0
51	8.97000000000000064E8	-2.87138327333818877E0
51	8.98000000000000043E8	-2.90624847047732882E0
51	8.99000000000000021E8	-2.94182649282502995E0
51	9.00000000000000000E8	-2.97813632435048614E0
51	9.00999999999999979E8	-3.01519757177704628E0
51	9.01999999999999957E8	-3.05303048918578313E0
51	9.02999999999999936E8	-3.09165600365559090E0
51	9.04000000000000092E8	-3.13109574211551589E0
51	9.05000000000000071E8	-3.17137205962281454E0
51	9.05999999999999872E8	-3.21250806871389294E0
51	9.07000000000000028E8	-3.25452767070704851E0
51	9.08000000000000007E8	-3.29745558790832627E0
51	9.08999999999999986E8	-3.34131739802779659E0
51	9.09999999999999964E8	-3.38613956999054100E0
51	9.10999999999999943E8	-3.43194950164946633E0
51	9.12000000000000099E8	-3.47877555943018812E0
51	9.12999999999999901E8	-3.52664712021041371E0
51	9.14000000000000057E8	-3.57559461525011990E0
51	9.15000000000000036E8	-3.62564957656086539E0
51	9.16000000000000014E8	-3.67684468557166566E0
51	9.16999999999999993E8	-3.72921382501700638E0
51	9.17999999999999972E8	-3.78279213307009154E0
51	9.19000000000000128E8	-3.83761606091159679E0
51	9.19999999999999929E8	-3.89372343356617812E0
51	9.20999999999999908E8	-3.95115351420396665E0
51	9.22000000000000064E8	-4.00994707210939705E0
51	9.23000000000000043E8	-4.07014645501244310E0
51	9.24000000000000021E8	-4.13179566550527078E0
51	9.25000000000000000E8	-4.19494044227947072E0
51	9.25999999999999979E8	-4.25962834648020738E0
51	9.26999999999999957E8	-4.32590885350349286E0
51	9.27999999999999936E8	-4.39383345060865427E0
51	9.29000000000000092E8	-4.46345574105169973E0
51	9.30000000000000071E8	-4.53483155503834023E0
51	9.30999999999999872E8	-4.60801906847107823E0
51	9.32000000000000028E8	-4.68307892921815050E0
51	9.33000000000000007E8	-4.76007439310837999E0
51	9.33999999999999986E8	-4.83907146877559580E0
51	9.34999999999999964E8	-4.92013907360083547E0
51	9.35999999999999943E8	-5.00334920087183832E0
51	9.37000000000000099E8	-5.08877709954936996E0
51	9.37999999999999901E8	-5.17650146791940280E0
51	9.39000000000000057E8	-5.26660466220057089E0
51	9.40000000000000036E8	-5.35917292189141392E0
51	9.41000000000000014E8	-5.45429661323271553E0
51	9.41999999999999993E8	-5.55207049303082734E0
51	9.42999999999999972E8	-5.65259399453069200E0
51	9.44000000000000128E8	-5.75597153785435189E0
51	9.44999999999999929E8	-5.86231286815866692E0
51	9.45999999999999908E8	-5.97173342344961799E0
51	9.47000000000000064E8	-6.08435473656958337E0
51	9.48000000000000043E8	-6.20030487466529578E0
51	9.49000000000000021E8	-6.31971892046682626E0
51	9.50000000000000000E8	-6.44273950081987845E0
51	9.50999999999999979E8	-6.56951736778998630E0
51	9.51999999999999957E8	-6.70021203906190088E0
51	9.52999999999999936E8	-6.83499250544945447E0
51	9.54000000000000092E8	-6.97403801356211961E0
51	9.55000000000000071E8	-7.11753893442742402E0
51	9.55999999999999872E8	-7.26569772910625034E0
51	9.57000000000000028E8	-7.41873002504090362E0
51	9.58000000000000007E8	-7.57686581898691180E0
51	9.58999999999999986E8	-7.74035082477997882E0
51	9.59999999999999964E8	-7.90944798758444723E0
51	9.60999999999999943E8	-8.08443919011386392E0
51	9.62000000000000099E8	-8.26562718104258565E0
51	9.62999999999999901E8	-8.45333776087928079E0
51	9.64000000000000057E8	-8.64792226915231588E0
51	9.65000000000000036E8	-8.84976042213882508E0
51	9.66000000000000014E8	-9.05926356452190795E0
51	9.66999999999999993E8	-9.27687840812171416E0
51	9.67999999999999972E8	-9.50309134835034186E0
51	9.69000000000000128E8	-9.73843346988763336E0
51	9.69999999999999929E8	-9.98348637615642431E0
51	9.70999999999999908E8	-1.02388890127569421E1
51	9.72000000000000064E8	-1.05053456933044775E1
51	9.73000000000000043E8	-1.07836355931151595E1
51	9.74000000000000021E8	-1.10746240423810272E1
51	9.75000000000000000E8	-1.13792760456699971E1
51	9.75999999999999979E8	-1.16986725754002951E1
51	9.76999999999999957E8	-1.20340303489542388E1
51	9.77999999999999936E8	-1.23867260247820199E1
51	9.79000000000000092E8	-1.27583260546453370E1
51	9.80000000000000071E8	-1.31506238561959332E1
51	9.80999999999999872E8	-1.35656865693981810E1
51	9.82000000000000028E8	-1.40059145204232371E1
51	9.83000000000000007E8	-1.44741177746438909E1
51	9.83999999999999986E8	-1.49736160285292219E1
51	9.84999999999999964E8	-1.55083709306538209E1
51	9.85999999999999943E8	-1.60831643411882941E1
51	9.87000000000000099E8	-1.67038430941504545E1
51	9.87999999999999901E8	-1.73776624366671628E1
51	9.89000000000000057E8	-1.81137800778753855E1
51	9.90000000000000036E8	-1.89239877447305682E1
51	9.91000000000000014E8	-1.98238318877353303E1
51	9.91999999999999993E8	-2.08344016568854729E1
51	9.92999999999999972E8	-2.19853257073487685E1
51	9.94000000000000128E8	-2.33201129304653554E1
51	9.94999999999999929E8	-2.49064482511367169E1
51	9.95999999999999908E8	-2.68582293495808466E1
51	9.97000000000000064E8	-2.93902164590261750E1
51	9.98000000000000043E8	-3.29879513439765404E1
51	9.99000000000000021E8	-3.92004073893570304E1
51	1.00000000000000000E9	-5.18850465913837944E1
51	1.00099999999999989E9	-3.78574101724433953E1
51	1.00200000000000000E9	-3.22614612672062284E1
51	1.00299999999999989E9	-2.88640788553332106E1
51	1.00400000000000000E9	-2.64217421214366333E1
51	1.00500000000000012E9	-2.45147002345942866E1
51	1.00599999999999978E9	-2.29505637227116299E1
51	1.00700000000000012E9	-2.16251125306775460E1
51	1.00800000000000001E9	-2.04755307253269425E1
51	1.00899999999999990E9	-1.94610292231541271E1
51	1.01000000000000001E9	-1.85536207501320405E1
51	1.01099999999999990E9	-1.77332677803769090E1
51	1.01200000000000001E9	-1.69851307109993077E1
51	1.01299999999999990E9	-1.62979120352805351E1
51	1.01400000000000001E9	-1.56628112429630950E1
51	1.01500000000000012E9	-1.50728386653181490E1
51	1.01600000000000001E9	-1.45223498153796848E1
51	1.01699999999999990E9	-1.40067203236465465E1
51	1.01800000000000002E9	-1.35221134256350695E1
51	1.01900000000000013E9	-1.30653100840348002E1
51	1.02000000000000002E9	-1.26335825333705642E1
51	1.02099999999999991E9	-1.22245985781278033E1
51	1.02200000000000002E9	-1.18363480866912352E1
51	1.02300000000000013E9	-1.14670857799261983E1
51	1.02400000000000002E9	-1.11152861667372682E1
51	1.02499999999999991E9	-1.07796076579608635E1
51	1.02600000000000002E9	-1.04588637070730850E1
51	1.02699999999999991E9	-1.01519993894185800E1
51	1.02800000000000002E9	-9.85807223692241585E0
51	1.02900000000000014E9	-9.57623643452684625E0
51	1.03000000000000003E9	-9.30572969636523517E0
51	1.03099999999999992E9	-9.04586229540480247E0
51	1.03200000000000003E9	-8.79600783730479208E0
51	1.03299999999999992E9	-8.55559545730931781E0
51	1.03400000000000003E9	-8.32410318521041503E0
51	1.03499999999999992E9	-8.10105227626945634E0
51	1.03600000000000003E9	-7.88600234428650104E0
51	1.03700000000000014E9	-7.67854716521894876E0
51	1.03799999999999981E9	-7.47831104449161366E0
51	1.03900000000000015E9	-7.28494565955498974E0
51	1.04000000000000004E9	-7.09812730565238414E0
51	1.04099999999999993E9	-6.91755448513163707E0
51	1.04200000000000004E9	-6.74294578984553183E0
51	1.04299999999999993E9	-6.57403803613132709E0
51	1.04400000000000004E9	-6.41058461652098455E0
51	1.04499999999999993E9	-6.25235403887359009E0
51	1.04599999999999982E9	-6.09912862864070782E0
51	1.04700000000000015E9	-5.95070337203506838E0
51	1.04800000000000004E9	-5.80688488342198283E0
51	1.04899999999999993E9	-5.66749047993674449E0
51	1.05000000000000004E9	-5.53234735151659862E0
51	1.05099999999999993E9	-5.40129181346504339E0
51	1.05200000000000005E9	-5.27416863339976061E0
51	1.05299999999999994E9	-5.15083042216076947E0
51	1.05400000000000005E9	-5.03113708289193973E0
51	1.05500000000000016E9	-4.91495531071429781E0
51	1.05599999999999983E9	-4.80215813795085733E0
51	1.05699999999999994E9	-4.69262451969887273E0
51	1.05800000000000005E9	-4.58623895533845083E0
51	1.05899999999999994E9	-4.48289114270882294E0
51	1.06000000000000005E9	-4.38247566080541429E0
51	1.06099999999999994E9	-4.28489167871624232E0
51	1.06200000000000006E9	-4.19004268775256961E0
51	1.06299999999999994E9	-4.09783625470498691E0
51	1.06400000000000006E9	-4.00818379422374527E0
51	1.06499999999999995E9	-3.92100035793026969E0
51	1.06600000000000006E9	-3.83620443973566427E0
51	1.06699999999999995E9	-3.75371779458510302E0
51	1.06800000000000006E9	-3.67346527053374627E0
51	1.06900000000000017E9	-3.59537465209389717E0
51	1.06999999999999984E9	-3.51937651459825762E0
51	1.07099999999999995E9	-3.44540408778495566E0
51	1.07200000000000006E9	-3.37339312862354301E0
51	1.07299999999999995E9	-3.30328180216421297E0
51	1.07400000000000007E9	-3.23501056970461676E0
51	1.07499999999999996E9	-3.16852208398573199E0
51	1.07600000000000007E9	-3.10376109042713288E0
51	1.07699999999999996E9	-3.04067433448391444E0
51	1.07799999999999985E9	-2.97921047391656924E0
51	1.07900000000000018E9	-2.91931999657442098E0
51	1.08000000000000007E9	-2.86095514219178559E0
51	1.08099999999999996E9	-2.80406982875859700E0
51	1.08200000000000007E9	-2.74861958278780971E0
51	1.08299999999999996E9	-2.69456147303124816E0
51	1.08400000000000007E9	-2.64185404789277900E0
51	1.08499999999999996E9	-2.59045727583663599E0
51	1.08599999999999985E9	-2.54033248881422091E0
51	1.08700000000000019E9	-2.49144232848643643E0
51	1.08799999999999986E9	-2.44375069493456687E0
51	1.08899999999999997E9	-2.39722269792572984E0
51	1.09000000000000008E9	-2.35182461048477043E0
51	1.09099999999999997E9	-2.30752382438943959E0
51	1.09200000000000008E9	-2.26428880792310094E0
51	1.09299999999999997E9	-2.22208906550105212E0
51	1.09400000000000008E9	-2.18089509881653587E0
51	1.09499999999999997E9	-2.14067837024298990E0
51	1.09599999999999986E9	-2.10141126709334536E0
51	1.09699999999999998E9	-2.06306706805100681E0
51	1.09800000000000009E9	-2.02561991066288538E0
51	1.09899999999999998E9	-1.98904476030555033E0
51	1.10000000000000009E9	-1.95331738039533387E0
51	1.10099999999999998E9	-1.91841430394939438E0
51	1.10199999999999987E9	-1.88431280610503471E0
51	1.10299999999999998E9	-1.85099087787530658E0
51	1.10400000000000009E9	-1.81842720096678478E0
51	1.10499999999999998E9	-1.78660112353676803E0
51	1.10599999999999987E9	-1.75549263692142543E0
51	1.10699999999999998E9	-1.72508235331545823E0
51	1.10800000000000010E9	-1.69535148424496551E0
51	1.10899999999999999E9	-1.66628181996745228E0
51	1.10999999999999988E9	-1.63785570954297999E0
51	1.11099999999999999E9	-1.61005604179590311E0
51	1.11200000000000010E9	-1.58286622687327627E0
51	1.11299999999999999E9	-1.55627017861137884E0
51	1.11400000000000010E9	-1.53025229748191016E0
51	1.11499999999999999E9	-1.50479745417273070E0
51	1.11600000000000010E9	-1.47989097391870961E0
51	1.11699999999999999E9	-1.45551862111814834E0
51	1.11799999999999988E9	-1.43166658487676979E0
51	1.11900000000000022E9	-1.40832146480136333E0
51	1.11999999999999988E9	-1.38547025740146545E0
51	1.12100000000000000E9	-1.36310034306597916E0
51	1.12200000000000011E9	-1.34119947339515178E0
51	1.12300000000000000E9	-1.31975575902762743E0
51	1.12400000000000011E9	-1.29875765790430497E0
51	1.12500000000000000E9	-1.27819396396586105E0
51	1.12599999999999989E9	-1.25805379630117087E0
51	1.12700000000000000E9	-1.23832658845893295E0
51	1.12799999999999989E9	-1.21900207853904630E0
51	1.12900000000000000E9	-1.20007029916136987E0
51	1.13000000000000012E9	-1.18152156818476461E0
51	1.13099999999999978E9	-1.16334647952887482E0
51	1.13200000000000012E9	-1.14553589435175929E0
51	1.13300000000000001E9	-1.12808093262338294E0
51	1.13399999999999990E9	-1.11097296485160091E0
51	1.13500000000000001E9	-1.09420360422538510E0
51	1.13599999999999990E9	-1.07776469897871485E0
51	1.13700000000000001E9	-1.06164832494890082E0
51	1.13799999999999990E9	-1.04584677852124197E0
51	1.13900000000000001E9	-1.03035256974339906E0
51	1.14000000000000012E9	-1.01515841561452036E0
51	1.14100000000000001E9	-1.00025723372433961E0
51	1.14199999999999990E9	-9.85642136077180808E-1
51	1.14300000000000002E9	-9.71306423021378862E-1
51	1.14400000000000013E9	-9.57243577512706167E-1
51	1.14500000000000002E9	-9.43447259509209246E-1
51	1.14599999999999991E9	-9.29911300556274156E-1
51	1.14700000000000002E9	-9.16629698586861963E-1
51	1.14800000000000013E9	-9.03596612817168143E-1
51	1.14900000000000002E9	-8.90806358933551223E-1
51	1.14999999999999991E9	-8.78253404336716770E-1
51	1.15100000000000002E9	-8.65932363536932925E-1
51	1.15199999999999991E9	-8.53837993818819641E-1
51	1.15300000000000002E9	-8.41965190918311812E-1
51	1.15400000000000014E9	-8.30308984931805227E-1
51	1.15500000000000003E9	-8.18864536284129585E-1
51	1.15599999999999992E9	-8.07627131861109859E-1
51	1.15700000000000003E9	-7.96592181364513596E-1
51	1.15799999999999992E9	-7.85755213559646215E-1
51	1.15900000000000003E9	-7.75111872911183397E-1
51	1.15999999999999992E9	-7.64657916093838708E-1
51	1.16100000000000003E9	-7.54389208764263319E-1
51	1.16200000000000014E9	-7.44301722420114054E-1
51	1.16299999999999981E9	-7.34391531257649355E-1
51	1.16400000000000015E9	-7.24654809264214173E-1
51	1.16500000000000004E9	-7.15087827336329696E-1
51	1.16599999999999993E9	-7.05686950447583694E-1
51	1.16700000000000004E9	-6.96448635002486327E-1
51	1.16799999999999993E9	-6.87369426225365476E-1
51	1.16900000000000004E9	-6.78445955596928663E-1
51	1.16999999999999993E9	-6.69674938445285051E-1
51	1.17099999999999982E9	-6.61053171543999429E-1
51	1.17200000000000015E9	-6.52577530861744748E-1
51	1.17300000000000004E9	-6.44244969245794241E-1
51	1.17399999999999993E9	-6.36052514362895760E-1
51	1.17500000000000004E9	-6.27997266584876090E-1
51	1.17599999999999993E9	-6.20076396923562978E-1
51	1.17700000000000005E9	-6.12287145105623232E-1
51	1.17799999999999994E9	-6.04626817678721906E-1
51	1.17900000000000005E9	-5.97092786135055231E-1
51	1.18000000000000016E9	-5.89682485141537072E-1
51	1.18099999999999983E9	-5.82393410831516523E-1
51	1.18199999999999994E9	-5.75223119074577838E-1
51	1.18300000000000005E9	-5.68169223902193021E-1
51	1.18399999999999994E9	-5.61229395894955196E-1
51	1.18500000000000005E9	-5.54401360653999031E-1
51	1.18599999999999994E9	-5.47682897333293983E-1
51	1.18700000000000006E9	-5.41071837188717986E-1
51	1.18799999999999994E9	-5.34566062172972867E-1
51	1.18900000000000006E9	-5.28163503597740647E-1
51	1.18999999999999995E9	-5.21862140811924036E-1
51	1.19100000000000006E9	-5.15659999910100986E-1
51	1.19199999999999995E9	-5.09555152531823907E-1
51	1.19300000000000006E9	-5.03545714601399652E-1
51	1.19400000000000017E9	-4.97629845220116351E-1
51	1.19499999999999984E9	-4.91805745510104053E-1
51	1.19599999999999995E9	-4.86071657505396093E-1
51	1.19700000000000006E9	-4.80425863098387662E-1
51	1.19799999999999995E9	-4.74866683013237001E-1
51	1.19900000000000007E9	-4.69392475770453199E-1
51	1.19999999999999996E9	-4.64001636749056257E-1
51	1.20100000000000007E9	-4.58692597201391905E-1
51	1.20199999999999996E9	-4.53463823341535122E-1
51	1.20299999999999985E9	-4.48313815484985234E-1
51	1.20400000000000018E9	-4.43241107129551448E-1
51	1.20500000000000007E9	-4.38244264148158713E-1
51	1.20599999999999996E9	-4.33321883943341124E-1
51	1.20700000000000007E9	-4.28472594666700868E-1
51	1.20799999999999996E9	-4.23695054452602982E-1
51	1.20900000000000007E9	-4.18987950633526385E-1
51	1.20999999999999996E9	-4.14349999043224138E-1
51	1.21099999999999985E9	-4.09779943279105563E-1
51	1.21200000000000019E9	-4.05276554034501224E-1
51	1.21299999999999986E9	-4.00838628408278463E-1
51	1.21399999999999997E9	-3.96464989280636004E-1
51	1.21500000000000008E9	-3.92154484618393262E-1
51	1.21599999999999997E9	-3.87905986927119439E-1
51	1.21700000000000008E9	-3.83718392634677707E-1
51	1.21799999999999997E9	-3.79590621445166976E-1
51	1.21900000000000008E9	-3.75521615869345338E-1
51	1.21999999999999997E9	-3.71510340601540268E-1
51	1.22099999999999986E9	-3.67555781993376973E-1
51	1.22199999999999998E9	-3.63656947573816014E-1
51	1.22300000000000009E9	-3.59812865478378807E-1
51	1.22399999999999998E9	-3.56022583999075559E-1
51	1.22500000000000009E9	-3.52285171090266491E-1
51	1.22599999999999998E9	-3.48599713910457520E-1
51	1.22699999999999987E9	-3.44965318328477188E-1
51	1.22799999999999998E9	-3.41381108530998922E-1
51	1.22900000000000009E9	-3.37846226559625507E-1
51	1.22999999999999998E9	-3.34359831895817727E-1
51	1.23099999999999987E9	-3.30921101061728073E-1
51	1.23199999999999998E9	-3.27529227205742046E-1
51	1.23300000000000010E9	-3.24183419726381805E-1
51	1.23399999999999999E9	-3.20882903898362093E-1
51	1.23499999999999988E9	-3.17626920486167252E-1
51	1.23599999999999999E9	-3.14414725408517803E-1
51	1.23700000000000010E9	-3.11245589376153609E-1
51	1.23799999999999999E9	-3.08118797548219181E-1
51	1.23900000000000010E9	-3.05033649215468294E-1
51	1.23999999999999999E9	-3.01989457466289402E-1
51	1.24100000000000010E9	-2.98985548881423835E-1
51	1.24199999999999999E9	-2.96021263220558239E-1
51	1.24299999999999988E9	-2.93095953129909281E-1
51	1.24400000000000022E9	-2.90208983839535373E-1
51	1.24499999999999988E9	-2.87359732898911702E-1
51	1.24600000000000000E9	-2.84547589885073515E-1
51	1.24700000000000011E9	-2.81771956141330193E-1
51	1.24800000000000000E9	-2.79032244520458050E-1
51	1.24900000000000011E9	-2.76327879117178821E-1
51	1.25000000000000000E9	-2.73658295016797393E-1
51	1.25099999999999989E9	-2.71022938070254726E-1
51	1.25200000000000000E9	-2.68421264642461832E-1
51	1.25299999999999989E9	-2.65852741383739577E-1
51	1.25400000000000000E9	-2.63316845004971700E-1
51	1.25500000000000012E9	-2.60813062068367296E-1
51	1.25599999999999978E9	-2.58340888755589315E-1
51	1.25700000000000012E9	-2.55899830664048311E-1
51	1.25800000000000001E9	-2.53489402619783100E-1
51	1.25899999999999990E9	-2.51109128445190244E-1
51	1.26000000000000001E9	-2.48758540813708340E-1
51	1.26099999999999990E9	-2.46437180994360983E-1
51	1.26200000000000001E9	-2.44144598737930529E-1
51	1.26299999999999990E9	-2.41880352045741898E-1
51	1.26400000000000001E9	-2.39644007013471771E-1
51	1.26500000000000012E9	-2.37435137667733187E-1
51	1.26600000000000001E9	-2.35253325776176414E-1
51	1.26699999999999990E9	-2.33098160686905898E-1
51	1.26800000000000002E9	-2.30969239211557564E-1
51	1.26900000000000013E9	-2.28866165401271715E-1
51	1.27000000000000002E9	-2.26788550452819271E-1
51	1.27099999999999991E9	-2.24736012524125695E-1
51	1.27200000000000002E9	-2.22708176600213159E-1
51	1.27300000000000013E9	-2.20704674368733711E-1
51	1.27400000000000002E9	-2.18725144049813514E-1
51	1.27499999999999991E9	-2.16769230287541204E-1
51	1.27600000000000002E9	-2.14836584000371289E-1
51	1.27699999999999991E9	-2.12926862267822958E-1
51	1.27800000000000002E9	-2.11039728192276987E-1
51	1.27900000000000014E9	-2.09174850779721089E-1
51	1.28000000000000003E9	-2.07331904832075820E-1
51	1.28099999999999992E9	-2.05510570803546333E-1
51	1.28199999999999981E9	-2.03710534705677482E-1
51	1.28300000000000014E9	-2.01931488005393645E-1
51	1.28400000000000003E9	-2.00173127474153301E-1
51	1.28499999999999992E9	-1.98435155132710128E-1
51	1.28600000000000003E9	-1.96717278114116900E-1
51	1.28699999999999992E9	-1.95019208558415702E-1
51	1.28800000000000003E9	-1.93340663546365477E-1
51	1.28900000000000015E9	-1.91681364957554567E-1
51	1.29000000000000004E9	-1.90041039416670987E-1
51	1.29099999999999993E9	-1.88419418163640673E-1
51	1.29199999999999982E9	-1.86816236994171381E-1
51	1.29300000000000015E9	-1.85231236142539424E-1
51	1.29400000000000004E9	-1.83664160221181061E-1
51	1.29499999999999993E9	-1.82114758118947617E-1
51	1.29599999999999982E9	-1.80582782913972673E-1
51	1.29699999999999993E9	-1.79067991808529281E-1
51	1.29800000000000004E9	-1.77570146041227828E-1
51	1.29899999999999993E9	-1.76089010796913770E-1
51	1.30000000000000004E9	-1.74624355155987154E-1
51	1.30099999999999993E9	-1.73175952000541900E-1
51	1.30200000000000005E9	-1.71743577948609594E-1
51	1.30300000000000016E9	-1.70327013276061434E-1
51	1.30400000000000005E9	-1.68926041863421483E-1
51	1.30500000000000016E9	-1.67540451102177457E-1
51	1.30599999999999983E9	-1.66170031847643673E-1
51	1.30699999999999994E9	-1.64814578354728569E-1
51	1.30800000000000027E9	-1.63473888203734785E-1
51	1.30899999999999994E9	-1.62147762234201265E-1
51	1.31000000000000005E9	-1.60836004499563545E-1
51	1.31099999999999994E9	-1.59538422199502872E-1
51	1.31199999999999983E9	-1.58254825612932981E-1
51	1.31300000000000017E9	-1.56985028052115694E-1
51	1.31400000000000006E9	-1.55728845801567051E-1
51	1.31499999999999995E9	-1.54486098070099986E-1
51	1.31600000000000006E9	-1.53256606925969119E-1
51	1.31699999999999973E9	-1.52040197244485387E-1
51	1.31800000000000006E9	-1.50836696666852266E-1
51	1.31900000000000017E9	-1.49645935544657371E-1
51	1.31999999999999984E9	-1.48467746882390528E-1
51	1.32099999999999995E9	-1.47301966308233201E-1
51	1.32199999999999984E9	-1.46148432002174533E-1
51	1.32299999999999995E9	-1.45006984669440797E-1
51	1.32400000000000007E9	-1.43877467481403665E-1
51	1.32499999999999996E9	-1.42759726040498047E-1
51	1.32600000000000007E9	-1.41653608339755288E-1
51	1.32699999999999996E9	-1.40558964699375810E-1
51	1.32800000000000007E9	-1.39475647750994369E-1
51	1.32900000000000018E9	-1.38403512376651072E-1
51	1.33000000000000007E9	-1.37342415680578966E-1
51	1.33099999999999996E9	-1.36292216942076161E-1
51	1.33199999999999985E9	-1.35252777586123196E-1
51	1.33300000000000018E9	-1.34223961134817160E-1
51	1.33400000000000007E9	-1.33205633173616222E-1
51	1.33499999999999996E9	-1.32197661324887461E-1
51	1.33599999999999985E9	-1.31199915198090800E-1
51	1.33699999999999997E9	-1.30212266361126749E-1
51	1.33800000000000008E9	-1.29234588307509446E-1
51	1.33899999999999997E9	-1.28266756421295458E-1
51	1.34000000000000008E9	-1.27308647949253251E-1
51	1.34099999999999997E9	-1.26360141951238836E-1
51	1.34199999999999986E9	-1.25421119291133332E-1
51	1.34300000000000019E9	-1.24491462595348401E-1
51	1.34400000000000008E9	-1.23571056219914666E-1
51	1.34499999999999997E9	-1.22659786228751622E-1
51	1.34599999999999986E9	-1.21757540349980609E-1
51	1.34699999999999998E9	-1.20864207968845605E-1
51	1.34800000000000009E9	-1.19979680080269246E-1
51	1.34899999999999998E9	-1.19103849272954587E-1
51	1.35000000000000009E9	-1.18236609693123729E-1
51	1.35099999999999998E9	-1.17377857030316735E-1
51	1.35199999999999987E9	-1.16527488479791241E-1
51	1.35300000000000020E9	-1.15685402726978959E-1
51	1.35400000000000009E9	-1.14851499909107391E-1
51	1.35499999999999998E9	-1.14025681607895657E-1
51	1.35599999999999987E9	-1.13207850810059041E-1
51	1.35699999999999976E9	-1.12397911895697167E-1
51	1.35800000000000010E9	-1.11595770605955114E-1
51	1.35899999999999999E9	-1.10801334027400600E-1
51	1.35999999999999988E9	-1.10014510563719492E-1
51	1.36099999999999999E9	-1.09235209919964005E-1
51	1.36199999999999988E9	-1.08463343077888341E-1
51	1.36299999999999999E9	-1.07698822274296746E-1
51	1.36400000000000010E9	-1.06941560980543504E-1
51	1.36499999999999999E9	-1.06191473885523457E-1
51	1.36600000000000010E9	-1.05448476866641494E-1
51	1.36699999999999977E9	-1.04712486991784881E-1
51	1.36800000000000010E9	-1.03983422470901665E-1
51	1.36900000000000022E9	-1.03261202657223805E-1
51	1.36999999999999988E9	-1.02545748027773076E-1
51	1.37100000000000000E9	-1.01836980154626056E-1
51	1.37199999999999989E9	-1.01134821697302657E-1
51	1.37300000000000000E9	-1.00439196377765172E-1
51	1.37400000000000011E9	-9.97500289761043213E-2
51	1.37500000000000000E9	-9.90672452959957717E-2
51	1.37599999999999989E9	-9.83907721602751550E-2
51	1.37700000000000000E9	-9.77205373909576558E-2
51	1.37800000000000011E9	-9.70564697973267521E-2
51	1.37900000000000000E9	-9.63984991548213443E-2
51	1.38000000000000012E9	-9.57465561912139229E-2
51	1.38099999999999978E9	-9.51005725712028571E-2
51	1.38199999999999990E9	-9.44604808835933163E-2
51	1.38300000000000023E9	-9.38262146323135759E-2
51	1.38399999999999990E9	-9.31977082060662276E-2
51	1.38500000000000001E9	-9.25748968805265093E-2
51	1.38599999999999990E9	-9.19577167965294962E-2
51	1.38700000000000001E9	-9.13461049440491735E-2
51	1.38800000000000012E9	-9.07399991609868728E-2
51	1.38900000000000001E9	-9.01393381080915468E-2
51	1.39000000000000012E9	-8.95440612608370934E-2
51	1.39100000000000001E9	-8.89541088945897584E-2
51	1.39199999999999990E9	-8.83694220758754412E-2
51	1.39300000000000024E9	-8.77899426506996683E-2
51	1.39400000000000013E9	-8.72156132262029615E-2
51	1.39500000000000002E9	-8.66463771635270064E-2
51	1.39599999999999991E9	-8.60821785705334896E-2
51	1.39699999999999980E9	-8.55229622796481159E-2
51	1.39800000000000013E9	-8.49686738490231619E-2
51	1.39900000000000002E9	-8.44192595413356095E-2
51	1.39999999999999991E9	-8.38746663185716557E-2
51	1.40100000000000002E9	-8.33348418311949679E-2
51	1.40199999999999991E9	-8.27997344036085536E-2
51	1.40300000000000002E9	-8.22692930314637039E-2
51	1.40400000000000014E9	-8.17434673676120838E-2
51	1.40500000000000003E9	-8.12222077055443847E-2
51	1.40599999999999992E9	-8.07054649843300176E-2
51	1.40699999999999981E9	-8.01931907682284972E-2
51	1.40800000000000014E9	-7.96853372352662070E-2
51	1.40900000000000003E9	-7.91818571791401915E-2
51	1.40999999999999992E9	-7.86827039921444360E-2
51	1.41100000000000003E9	-7.81878316555865283E-2
51	1.41199999999999992E9	-7.76971947403182739E-2
51	1.41300000000000003E9	-7.72107483833625885E-2
51	1.41400000000000015E9	-7.67284482941431456E-2
51	1.41500000000000004E9	-7.62502507325732104E-2
51	1.41599999999999993E9	-7.57761125144259573E-2
51	1.41699999999999982E9	-7.53059909938798544E-2
51	1.41800000000000015E9	-7.48398440614645111E-2
51	1.41900000000000004E9	-7.43776301294386766E-2
51	1.41999999999999993E9	-7.39193081275091224E-2
51	1.42099999999999982E9	-7.34648375012492050E-2
51	1.42199999999999993E9	-7.30141781947906665E-2
51	1.42300000000000004E9	-7.25672906519183059E-2
51	1.42399999999999993E9	-7.21241358033353208E-2
51	1.42500000000000004E9	-7.16846750572561664E-2
51	1.42599999999999993E9	-7.12488703058325878E-2
51	1.42700000000000005E9	-7.08166839012510252E-2
51	1.42800000000000016E9	-7.03880786646535750E-2
51	1.42900000000000005E9	-6.99630178629698651E-2
51	1.43000000000000016E9	-6.95414652187107318E-2
51	1.43099999999999983E9	-6.91233848941675255E-2
51	1.43199999999999994E9	-6.87087414856658363E-2
51	1.43300000000000027E9	-6.82975000229059148E-2
51	1.43399999999999994E9	-6.78896259563075510E-2
51	1.43500000000000005E9	-6.74850851539299690E-2
51	1.43599999999999994E9	-6.70838438960533612E-2
51	1.43699999999999983E9	-6.66858688714099124E-2
51	1.43800000000000017E9	-6.62911271645572153E-2
51	1.43900000000000006E9	-6.58995862581613068E-2
51	1.43999999999999995E9	-6.55112140199005122E-2
51	1.44100000000000006E9	-6.51259787101146692E-2
51	1.44199999999999973E9	-6.47438489572071862E-2
51	1.44300000000000006E9	-6.43647937690031480E-2
51	1.44400000000000017E9	-6.39887825202232818E-2
51	1.44499999999999984E9	-6.36157849471528625E-2
51	1.44599999999999995E9	-6.32457711450771676E-2
51	1.44699999999999984E9	-6.28787115620802517E-2
51	1.44799999999999995E9	-6.25145769959667419E-2
51	1.44900000000000007E9	-6.21533385876295252E-2
51	1.44999999999999996E9	-6.17949678125433888E-2
51	1.45100000000000007E9	-6.14394364872185594E-2
51	1.45199999999999996E9	-6.10867167530538779E-2
51	1.45300000000000007E9	-6.07367810770626093E-2
51	1.45400000000000018E9	-6.03896022495627882E-2
51	1.45500000000000007E9	-6.00451533721352959E-2
51	1.45599999999999996E9	-5.97034078658736700E-2
51	1.45699999999999985E9	-5.93643394540926828E-2
51	1.45800000000000018E9	-5.90279221659556175E-2
51	1.45900000000000007E9	-5.86941303281599769E-2
51	1.45999999999999996E9	-5.83629385670678769E-2
51	1.46099999999999985E9	-5.80343217977785120E-2
51	1.46199999999999997E9	-5.77082552242391689E-2
51	1.46300000000000008E9	-5.73847143332268406E-2
51	1.46399999999999997E9	-5.70636748918635384E-2
51	1.46500000000000008E9	-5.67451129483703021E-2
51	1.46599999999999997E9	-5.64290048170299574E-2
51	1.46699999999999986E9	-5.61153270845581531E-2
51	1.46800000000000019E9	-5.58040566032162388E-2
51	1.46900000000000008E9	-5.54951704882896735E-2
51	1.46999999999999997E9	-5.51886461121974392E-2
51	1.47099999999999986E9	-5.48844611033621899E-2
51	1.47199999999999998E9	-5.45825933428688703E-2
51	1.47300000000000009E9	-5.42830209591218349E-2
51	1.47399999999999998E9	-5.39857223264818664E-2
51	1.47500000000000009E9	-5.36906760621906898E-2
51	1.47599999999999998E9	-5.33978610230120498E-2
51	1.47699999999999987E9	-5.31072563004595910E-2
51	1.47800000000000020E9	-5.28188412173803279E-2
51	1.47900000000000009E9	-5.25325953308347948E-2
51	1.47999999999999998E9	-5.22484984228114335E-2
51	1.48099999999999987E9	-5.19665304969974073E-2
51	1.48199999999999976E9	-5.16866717834510769E-2
51	1.48300000000000010E9	-5.14089027243749008E-2
51	1.48399999999999999E9	-5.11332039823757256E-2
51	1.48499999999999988E9	-5.08595564313492599E-2
51	1.48599999999999999E9	-5.05879411523373257E-2
51	1.48699999999999988E9	-5.03183394393843297E-2
51	1.48799999999999999E9	-5.00507327864068952E-2
51	1.48900000000000010E9	-4.97851028917894656E-2
51	1.48999999999999999E9	-4.95214316544300637E-2
51	1.49100000000000010E9	-4.92597011649882344E-2
51	1.49199999999999977E9	-4.89998937171159810E-2
51	1.49300000000000010E9	-4.87419917880958753E-2
51	1.49400000000000022E9	-4.84859780513090399E-2
51	1.49499999999999988E9	-4.82318353632841923E-2
51	1.49600000000000000E9	-4.79795467676724918E-2
51	1.49699999999999989E9	-4.77290954911398124E-2
51	1.49800000000000000E9	-4.74804649397376188E-2
51	1.49900000000000011E9	-4.72336386940866149E-2
51	1.50000000000000000E9	-4.69886005198618051E-2


