optIter	freq	dB(S(2,1))[0, ::]
51	5.00000000000000000E8	7.86947269969627961E0
51	5.00999999999999979E8	7.85555377717598624E0
51	5.02000000000000046E8	7.84169674165881769E0
51	5.02999999999999936E8	7.82790167673874038E0
51	5.04000000000000004E8	7.81416866637430818E0
51	5.04999999999999982E8	7.80049779490181727E0
51	5.06000000000000050E8	7.78688914705532920E0
51	5.07000000000000028E8	7.77334280795324339E0
51	5.08000000000000007E8	7.75985886312063666E0
51	5.08999999999999986E8	7.74643739849953405E0
51	5.09999999999999964E8	7.73307850044318901E0
51	5.11000000000000032E8	7.71978225573771226E0
51	5.12000000000000011E8	7.70654875161071296E0
51	5.12999999999999989E8	7.69337807572766952E0
51	5.13999999999999968E8	7.68027031619929357E0
51	5.15000000000000036E8	7.66722556162068081E0
51	5.16000000000000014E8	7.65424390101774677E0
51	5.16999999999999993E8	7.64132542392773928E0
51	5.17999999999999972E8	7.62847022034166411E0
51	5.18999999999999950E8	7.61567838076600090E0
51	5.20000000000000018E8	7.60294999619856426E0
51	5.20999999999999996E8	7.59028515813605065E0
51	5.22000000000000064E8	7.57768395860272115E0
51	5.22999999999999954E8	7.56514649013547036E0
51	5.24000000000000021E8	7.55267284580429887E0
51	5.25000000000000000E8	7.54026311922336578E0
51	5.25999999999999979E8	7.52791740454352709E0
51	5.27000000000000046E8	7.51563579648052293E0
51	5.27999999999999936E8	7.50341839029734725E0
51	5.29000000000000004E8	7.49126528183668228E0
51	5.29999999999999982E8	7.47917656751261184E0
51	5.31000000000000050E8	7.46715234433783603E0
51	5.32000000000000028E8	7.45519270989032456E0
51	5.33000000000000007E8	7.44329776236968943E0
51	5.33999999999999986E8	7.43146760057365885E0
51	5.34999999999999964E8	7.41970232392712248E0
51	5.36000000000000032E8	7.40800203246036570E0
51	5.37000000000000011E8	7.39636682684330715E0
51	5.37999999999999989E8	7.38479680839015629E0
51	5.38999999999999968E8	7.37329207905482509E0
51	5.40000000000000036E8	7.36185274143500479E0
51	5.41000000000000014E8	7.35047889881108052E0
51	5.41999999999999993E8	7.33917065511632849E0
51	5.42999999999999972E8	7.32792811497288721E0
51	5.43999999999999950E8	7.31675138366658739E0
51	5.45000000000000018E8	7.30564056720399435E0
51	5.45999999999999996E8	7.29459577226890588E0
51	5.47000000000000064E8	7.28361710626664216E0
51	5.47999999999999954E8	7.27270467730968129E0
51	5.49000000000000021E8	7.26185859423747537E0
51	5.50000000000000000E8	7.25107896662188356E0
51	5.50999999999999979E8	7.24036590476463715E0
51	5.52000000000000046E8	7.22971951972755900E0
51	5.52999999999999936E8	7.21913992332365861E0
51	5.54000000000000004E8	7.20862722812282186E0
51	5.54999999999999982E8	7.19818154746379868E0
51	5.56000000000000050E8	7.18780299547190449E0
51	5.57000000000000028E8	7.17749168705580587E0
51	5.58000000000000007E8	7.16724773791202807E0
51	5.58999999999999986E8	7.15707126454142450E0
51	5.59999999999999964E8	7.14696238425707620E0
51	5.61000000000000032E8	7.13692121519626266E0
51	5.62000000000000011E8	7.12694787631104187E0
51	5.62999999999999989E8	7.11704248738678125E0
51	5.63999999999999968E8	7.10720516906006150E0
51	5.65000000000000036E8	7.09743604281315754E0
51	5.66000000000000014E8	7.08773523098873337E0
51	5.66999999999999993E8	7.07810285678480966E0
51	5.67999999999999972E8	7.06853904428788127E0
51	5.68999999999999950E8	7.05904391845887602E0
51	5.70000000000000018E8	7.04961760515837366E0
51	5.70999999999999996E8	7.04026023112530019E0
51	5.72000000000000064E8	7.03097192403333437E0
51	5.72999999999999954E8	7.02175281245680960E0
51	5.74000000000000021E8	7.01260302589040041E0
51	5.75000000000000000E8	7.00352269477793588E0
51	5.75999999999999979E8	6.99451195047332064E0
51	5.77000000000000046E8	6.98557092531914314E0
51	5.77999999999999936E8	6.97669975258629904E0
51	5.79000000000000004E8	6.96789856652913908E0
51	5.79999999999999982E8	6.95916750236748349E0
51	5.81000000000000050E8	6.95050669630086126E0
51	5.82000000000000028E8	6.94191628552915141E0
51	5.83000000000000007E8	6.93339640825541981E0
51	5.83999999999999986E8	6.92494720368797889E0
51	5.84999999999999964E8	6.91656881205393859E0
51	5.86000000000000032E8	6.90826137460585610E0
51	5.87000000000000011E8	6.90002503363543518E0
51	5.87999999999999989E8	6.89185993247297013E0
51	5.88999999999999968E8	6.88376621551332502E0
51	5.90000000000000036E8	6.87574402820690089E0
51	5.91000000000000014E8	6.86779351707930719E0
51	5.91999999999999993E8	6.85991482973438238E0
51	5.92999999999999972E8	6.85210811486722715E0
51	5.93999999999999950E8	6.84437352227234008E0
51	5.95000000000000018E8	6.83671120285191236E0
51	5.95999999999999996E8	6.82912130863565103E0
51	5.97000000000000064E8	6.82160399275696694E0
51	5.97999999999999954E8	6.81415940951664378E0
51	5.99000000000000021E8	6.80678771433889462E0
51	6.00000000000000000E8	6.79948906380889451E0
51	6.00999999999999979E8	6.79226361568758819E0
51	6.02000000000000046E8	6.78511152888961266E0
51	6.02999999999999936E8	6.77803296352804363E0
51	6.04000000000000004E8	6.77102808091627395E0
51	6.04999999999999982E8	6.76409704355692831E0
51	6.06000000000000050E8	6.75724001517299122E0
51	6.07000000000000028E8	6.75045716071497903E0
51	6.08000000000000007E8	6.74374864635330251E0
51	6.08999999999999986E8	6.73711463951700296E0
51	6.09999999999999964E8	6.73055530888461284E0
51	6.11000000000000032E8	6.72407082438674131E0
51	6.12000000000000011E8	6.71766135725202407E0
51	6.12999999999999989E8	6.71132707996017075E0
51	6.13999999999999968E8	6.70506816631323144E0
51	6.15000000000000036E8	6.69888479141097282E0
51	6.16000000000000014E8	6.69277713165429056E0
51	6.16999999999999993E8	6.68674536479103931E0
51	6.17999999999999972E8	6.68078966988280598E0
51	6.18999999999999950E8	6.67491022735997852E0
51	6.20000000000000018E8	6.66910721899379055E0
51	6.20999999999999996E8	6.66338082793359376E0
51	6.22000000000000064E8	6.65773123869182548E0
51	6.22999999999999954E8	6.65215863719698763E0
51	6.24000000000000021E8	6.64666321075464506E0
51	6.25000000000000000E8	6.64124514809175093E0
51	6.25999999999999979E8	6.63590463935997299E0
51	6.27000000000000046E8	6.63064187614115141E0
51	6.27999999999999936E8	6.62545705146122543E0
51	6.29000000000000004E8	6.62035035980203013E0
51	6.29999999999999982E8	6.61532199711432156E0
51	6.31000000000000050E8	6.61037216083956469E0
51	6.32000000000000028E8	6.60550104988342035E0
51	6.33000000000000007E8	6.60070886467632256E0
51	6.33999999999999986E8	6.59599580715938671E0
51	6.34999999999999964E8	6.59136208078843389E0
51	6.36000000000000032E8	6.58680789057069482E0
51	6.37000000000000011E8	6.58233344304639179E0
51	6.37999999999999989E8	6.57793894632411469E0
51	6.38999999999999968E8	6.57362461009432053E0
51	6.40000000000000036E8	6.56939064561790254E0
51	6.40999999999999925E8	6.56523726576113020E0
51	6.41999999999999993E8	6.56116468500514660E0
51	6.42999999999999972E8	6.55717311943752001E0
51	6.44000000000000039E8	6.55326278678457719E0
51	6.45000000000000018E8	6.54943390642556622E0
51	6.45999999999999908E8	6.54568669940269654E0
51	6.47000000000000064E8	6.54202138840576808E0
51	6.47999999999999954E8	6.53843819784001212E0
51	6.49000000000000021E8	6.53493735377754881E0
51	6.50000000000000000E8	6.53151908402593850E0
51	6.50999999999999979E8	6.52818361809689662E0
51	6.52000000000000046E8	6.52493118724796339E0
51	6.52999999999999936E8	6.52176202448003117E0
51	6.54000000000000092E8	6.51867636455557431E0
51	6.54999999999999982E8	6.51567444401929396E0
51	6.55999999999999961E8	6.51275650117898941E0
51	6.57000000000000028E8	6.50992277617750137E0
51	6.58000000000000007E8	6.50717351094772845E0
51	6.59000000000000075E8	6.50450894927025303E0
51	6.59999999999999964E8	6.50192933674017581E0
51	6.60999999999999943E8	6.49943492082883623E0
51	6.62000000000000011E8	6.49702595087432933E0
51	6.62999999999999989E8	6.49470267809154311E0
51	6.64000000000000057E8	6.49246535558095417E0
51	6.65000000000000036E8	6.49031423838265553E0
51	6.65999999999999925E8	6.48824958343236968E0
51	6.66999999999999993E8	6.48627164961886749E0
51	6.67999999999999972E8	6.48438069777444692E0
51	6.69000000000000039E8	6.48257699070498994E0
51	6.70000000000000018E8	6.48086079318827313E0
51	6.70999999999999908E8	6.47923237201088487E0
51	6.72000000000000064E8	6.47769199593872269E0
51	6.72999999999999954E8	6.47623993580393353E0
51	6.74000000000000021E8	6.47487646444815468E0
51	6.75000000000000000E8	6.47360185676332023E0
51	6.75999999999999979E8	6.47241638972407696E0
51	6.77000000000000046E8	6.47132034235888742E0
51	6.77999999999999936E8	6.47031399583934963E0
51	6.79000000000000092E8	6.46939763339649865E0
51	6.79999999999999982E8	6.46857154042878690E0
51	6.80999999999999961E8	6.46783600443742657E0
51	6.82000000000000028E8	6.46719131511796874E0
51	6.83000000000000007E8	6.46663776429808301E0
51	6.84000000000000075E8	6.46617564602285810E0
51	6.84999999999999964E8	6.46580525651171101E0
51	6.85999999999999943E8	6.46552689421777149E0
51	6.87000000000000011E8	6.46534085982311346E0
51	6.87999999999999989E8	6.46524745624204655E0
51	6.89000000000000057E8	6.46524698866052461E0
51	6.90000000000000036E8	6.46533976453946924E0
51	6.90999999999999925E8	6.46552609362362851E0
51	6.91999999999999993E8	6.46580628796530732E0
51	6.92999999999999972E8	6.46618066195599805E0
51	6.94000000000000039E8	6.46664953230029926E0
51	6.95000000000000018E8	6.46721321807767424E0
51	6.95999999999999908E8	6.46787204070017996E0
51	6.97000000000000064E8	6.46862632399281878E0
51	6.97999999999999954E8	6.46947639418133402E0
51	6.99000000000000021E8	6.47042257987889435E0
51	7.00000000000000000E8	6.47146521215724313E0
51	7.00999999999999979E8	6.47260462449826690E0
51	7.02000000000000046E8	6.47384115288225637E0
51	7.02999999999999936E8	6.47517513572655368E0
51	7.04000000000000092E8	6.47660691396748867E0
51	7.04999999999999982E8	6.47813683102179994E0
51	7.05999999999999961E8	6.47976523284413375E0
51	7.07000000000000028E8	6.48149246791269995E0
51	7.08000000000000007E8	6.48331888727400774E0
51	7.09000000000000075E8	6.48524484452558081E0
51	7.09999999999999964E8	6.48727069584237981E0
51	7.10999999999999943E8	6.48939679999868524E0
51	7.12000000000000011E8	6.49162351837963492E0
51	7.12999999999999989E8	6.49395121500485750E0
51	7.14000000000000057E8	6.49638025650481232E0
51	7.15000000000000036E8	6.49891101220236678E0
51	7.15999999999999925E8	6.50154385405598134E0
51	7.16999999999999993E8	6.50427915672170442E0
51	7.17999999999999972E8	6.50711729755641066E0
51	7.19000000000000039E8	6.51005865662715344E0
51	7.20000000000000018E8	6.51310361671139049E0
51	7.20999999999999908E8	6.51625256334172498E0
51	7.22000000000000064E8	6.51950588478845461E0
51	7.22999999999999954E8	6.52286397211381619E0
51	7.24000000000000021E8	6.52632721913799596E0
51	7.25000000000000000E8	6.52989602246678036E0
51	7.25999999999999979E8	6.53357078153588766E0
51	7.27000000000000046E8	6.53735189856910370E0
51	7.27999999999999936E8	6.54123977865956352E0
51	7.29000000000000092E8	6.54523482971468251E0
51	7.29999999999999982E8	6.54933746249151927E0
51	7.30999999999999961E8	6.55354809063591137E0
51	7.32000000000000028E8	6.55786713066817217E0
51	7.33000000000000007E8	6.56229500196738336E0
51	7.34000000000000075E8	6.56683212685827744E0
51	7.34999999999999964E8	6.57147893054089494E0
51	7.35999999999999943E8	6.57623584114963400E0
51	7.37000000000000011E8	6.58110328974458536E0
51	7.37999999999999989E8	6.58608171033246315E0
51	7.39000000000000057E8	6.59117153986354420E0
51	7.40000000000000036E8	6.59637321823634615E0
51	7.40999999999999925E8	6.60168718833245727E0
51	7.41999999999999993E8	6.60711389598585619E0
51	7.42999999999999972E8	6.61265379002784481E0
51	7.44000000000000039E8	6.61830732226359242E0
51	7.45000000000000018E8	6.62407494748997383E0
51	7.45999999999999908E8	6.62995712352632438E0
51	7.47000000000000064E8	6.63595431115309964E0
51	7.47999999999999954E8	6.64206697418407188E0
51	7.49000000000000021E8	6.64829557945036775E0
51	7.50000000000000000E8	6.65464059678440378E0
51	7.50999999999999979E8	6.66110249901310247E0
51	7.52000000000000046E8	6.66768176202656804E0
51	7.52999999999999936E8	6.67437886469709252E0
51	7.54000000000000092E8	6.68119428893796119E0
51	7.54999999999999982E8	6.68812851966098876E0
51	7.55999999999999961E8	6.69518204481050905E0
51	7.57000000000000028E8	6.70235535533433868E0
51	7.58000000000000007E8	6.70964894517961685E0
51	7.59000000000000075E8	6.71706331132755441E0
51	7.59999999999999964E8	6.72459895373442418E0
51	7.60999999999999943E8	6.73225637535614219E0
51	7.62000000000000011E8	6.74003608213871974E0
51	7.62999999999999989E8	6.74793858299886473E0
51	7.64000000000000057E8	6.75596438982842962E0
51	7.65000000000000036E8	6.76411401745055230E0
51	7.65999999999999925E8	6.77238798366536976E0
51	7.66999999999999993E8	6.78078680919413568E0
51	7.67999999999999972E8	6.78931101764147726E0
51	7.69000000000000039E8	6.79796113552852965E0
51	7.70000000000000018E8	6.80673769228624792E0
51	7.70999999999999908E8	6.81564122015356944E0
51	7.72000000000000064E8	6.82467225422405122E0
51	7.72999999999999954E8	6.83383133241589302E0
51	7.74000000000000021E8	6.84311899543556290E0
51	7.75000000000000000E8	6.85253578673849084E0
51	7.75999999999999979E8	6.86208225252409232E0
51	7.77000000000000046E8	6.87175894170123769E0
51	7.77999999999999936E8	6.88156640581938017E0
51	7.79000000000000092E8	6.89150519910772363E0
51	7.79999999999999982E8	6.90157587835486730E0
51	7.80999999999999961E8	6.91177900292247482E0
51	7.82000000000000028E8	6.92211513470804984E0
51	7.83000000000000007E8	6.93258483806271286E0
51	7.84000000000000075E8	6.94318867975415177E0
51	7.84999999999999964E8	6.95392722894959370E0
51	7.85999999999999943E8	6.96480105713199116E0
51	7.87000000000000011E8	6.97581073805366714E0
51	7.87999999999999989E8	6.98695684767646075E0
51	7.89000000000000057E8	6.99823996410800309E0
51	7.90000000000000036E8	7.00966066756014161E0
51	7.90999999999999925E8	7.02121954025190220E0
51	7.91999999999999993E8	7.03291716632714170E0
51	7.92999999999999972E8	7.04475413184787946E0
51	7.94000000000000039E8	7.05673102462935020E0
51	7.95000000000000018E8	7.06884843422326448E0
51	7.95999999999999908E8	7.08110695180100613E0
51	7.97000000000000064E8	7.09350717004602860E0
51	7.97999999999999954E8	7.10604968309999840E0
51	7.99000000000000021E8	7.11873508646800346E0
51	8.00000000000000000E8	7.13156397683555898E0
51	8.00999999999999979E8	7.14453695205163086E0
51	8.01999999999999957E8	7.15765461098928313E0
51	8.02999999999999936E8	7.17091755340089154E0
51	8.04000000000000092E8	7.18432637978503941E0
51	8.05000000000000071E8	7.19788169133279965E0
51	8.05999999999999872E8	7.21158408970235598E0
51	8.07000000000000028E8	7.22543417691082368E0
51	8.08000000000000007E8	7.23943255521879259E0
51	8.08999999999999986E8	7.25357982693624592E0
51	8.09999999999999964E8	7.26787659425926869E0
51	8.10999999999999943E8	7.28232345914754120E0
51	8.12000000000000099E8	7.29692102309614476E0
51	8.12999999999999901E8	7.31166988698242282E0
51	8.14000000000000057E8	7.32657065086152315E0
51	8.15000000000000036E8	7.34162391379421564E0
51	8.16000000000000014E8	7.35683027361962338E0
51	8.16999999999999993E8	7.37219032675454944E0
51	8.17999999999999972E8	7.38770466789791058E0
51	8.19000000000000128E8	7.40337388995059964E0
51	8.19999999999999929E8	7.41919858363909945E0
51	8.20999999999999908E8	7.43517933729386193E0
51	8.22000000000000064E8	7.45131673664841987E0
51	8.23000000000000043E8	7.46761136447659268E0
51	8.24000000000000021E8	7.48406380036742824E0
51	8.25000000000000000E8	7.50067462040316801E0
51	8.25999999999999979E8	7.51744439690940425E0
51	8.26999999999999957E8	7.53437369804735990E0
51	8.27999999999999936E8	7.55146308755964490E0
51	8.29000000000000092E8	7.56871312433873911E0
51	8.30000000000000071E8	7.58612436220454356E0
51	8.30999999999999872E8	7.60369734940285547E0
51	8.32000000000000028E8	7.62143262829086066E0
51	8.33000000000000007E8	7.63933073486063563E0
51	8.33999999999999986E8	7.65739219848034303E0
51	8.34999999999999964E8	7.67561754127267459E0
51	8.35999999999999943E8	7.69400727780223637E0
51	8.37000000000000099E8	7.71256191450592254E0
51	8.37999999999999901E8	7.73128194932197133E0
51	8.39000000000000057E8	7.75016787108277327E0
51	8.40000000000000036E8	7.76922015906667074E0
51	8.41000000000000014E8	7.78843928240314298E0
51	8.41999999999999993E8	7.80782569957015227E0
51	8.42999999999999972E8	7.82737985777049872E0
51	8.44000000000000128E8	7.84710219228324490E0
51	8.44999999999999929E8	7.86699312597174583E0
51	8.45999999999999908E8	7.88705306847639953E0
51	8.47000000000000064E8	7.90728241566271528E0
51	8.48000000000000043E8	7.92768154885562915E0
51	8.49000000000000021E8	7.94825083413003508E0
51	8.50000000000000000E8	7.96899062155109839E0
51	8.50999999999999979E8	7.98990124440278748E0
51	8.51999999999999957E8	8.01098301839737559E0
51	8.52999999999999936E8	8.03223624080873755E0
51	8.54000000000000092E8	8.05366118961686439E0
51	8.55000000000000071E8	8.07525812259104292E0
51	8.55999999999999872E8	8.09702727640109288E0
51	8.57000000000000028E8	8.11896886556403707E0
51	8.58000000000000007E8	8.14108308154830240E0
51	8.58999999999999986E8	8.16337009169784267E0
51	8.59999999999999964E8	8.18583003808699772E0
51	8.60999999999999943E8	8.20846303652369258E0
51	8.62000000000000099E8	8.23126917533101654E0
51	8.62999999999999901E8	8.25424851410271820E0
51	8.64000000000000057E8	8.27740108259179408E0
51	8.65000000000000036E8	8.30072687935814102E0
51	8.66000000000000014E8	8.32422587042218787E0
51	8.66999999999999993E8	8.34789798793919502E0
51	8.67999999999999972E8	8.37174312877362858E0
51	8.69000000000000128E8	8.39576115300170756E0
51	8.69999999999999929E8	8.41995188243649118E0
51	8.70999999999999908E8	8.44431509899381538E0
51	8.72000000000000064E8	8.46885054311989194E0
51	8.73000000000000043E8	8.49355791212147260E0
51	8.74000000000000021E8	8.51843685838371378E0
51	8.75000000000000000E8	8.54348698756052372E0
51	8.75999999999999979E8	8.56870785673772772E0
51	8.76999999999999957E8	8.59409897257336119E0
51	8.77999999999999936E8	8.61965978922070164E0
51	8.79000000000000092E8	8.64538970628737147E0
51	8.80000000000000071E8	8.67128806680966058E0
51	8.80999999999999872E8	8.69735415487945041E0
51	8.82000000000000028E8	8.72358719361097101E0
51	8.83000000000000007E8	8.74998634261503661E0
51	8.83999999999999986E8	8.77655069569028434E0
51	8.84999999999999964E8	8.80327927830365020E0
51	8.85999999999999943E8	8.83017104502863681E0
51	8.87000000000000099E8	8.85722487689718285E0
51	8.87999999999999901E8	8.88443957863928624E0
51	8.89000000000000057E8	8.91181387591185015E0
51	8.90000000000000036E8	8.93934641239398076E0
51	8.91000000000000014E8	8.96703574671395209E0
51	8.91999999999999993E8	8.99488034948609183E0
51	8.92999999999999972E8	9.02287859999257691E0
51	8.94000000000000128E8	9.05102878302962921E0
51	8.94999999999999929E8	9.07932908554731988E0
51	8.95999999999999908E8	9.10777759302449574E0
51	8.97000000000000064E8	9.13637228606028096E0
51	8.98000000000000043E8	9.16511103668285898E0
51	8.99000000000000021E8	9.19399160447924757E0
51	9.00000000000000000E8	9.22301163280013014E0
51	9.00999999999999979E8	9.25216864482582046E0
51	9.01999999999999957E8	9.28146003937733965E0
51	9.02999999999999936E8	9.31088308675204601E0
51	9.04000000000000092E8	9.34043492446062551E0
51	9.05000000000000071E8	9.37011255270857646E0
51	9.05999999999999872E8	9.39991283009484313E0
51	9.07000000000000028E8	9.42983246864407931E0
51	9.08000000000000007E8	9.45986802943092719E0
51	9.08999999999999986E8	9.49001591745077278E0
51	9.09999999999999964E8	9.52027237675411264E0
51	9.10999999999999943E8	9.55063348540084611E0
51	9.12000000000000099E8	9.58109515033082459E0
51	9.12999999999999901E8	9.61165310196302514E0
51	9.14000000000000057E8	9.64230288886376030E0
51	9.15000000000000036E8	9.67303987223391992E0
51	9.16000000000000014E8	9.70385922053833561E0
51	9.16999999999999993E8	9.73475590345402964E0
51	9.17999999999999972E8	9.76572468641925084E0
51	9.19000000000000128E8	9.79676012469787949E0
51	9.19999999999999929E8	9.82785655739026964E0
51	9.20999999999999908E8	9.85900810143779083E0
51	9.22000000000000064E8	9.89020864568871616E0
51	9.23000000000000043E8	9.92145184458119900E0
51	9.24000000000000021E8	9.95273111208373606E0
51	9.25000000000000000E8	9.98403961547433738E0
51	9.25999999999999979E8	1.00153702690324375E1
51	9.26999999999999957E8	1.00467157277473307E1
51	9.27999999999999936E8	1.00780683811197780E1
51	9.29000000000000092E8	1.01094203468351340E1
51	9.30000000000000071E8	1.01407634645666200E1
51	9.30999999999999872E8	1.01720892895091541E1
51	9.32000000000000028E8	1.02033890866497390E1
51	9.33000000000000007E8	1.02346538241775820E1
51	9.33999999999999986E8	1.02658741678566456E1
51	9.34999999999999964E8	1.02970404748927535E1
51	9.35999999999999943E8	1.03281427882325638E1
51	9.37000000000000099E8	1.03591708309854780E1
51	9.37999999999999901E8	1.03901140009052817E1
51	9.39000000000000057E8	1.04209613652391364E1
51	9.40000000000000036E8	1.04517016556699449E1
51	9.41000000000000014E8	1.04823232636891084E1
51	9.41999999999999993E8	1.05128142360358368E1
51	9.42999999999999972E8	1.05431622706781947E1
51	9.44000000000000128E8	1.05733547132141981E1
51	9.44999999999999929E8	1.06033785531999092E1
51	9.45999999999999908E8	1.06332204216097126E1
51	9.47000000000000064E8	1.06628665882738161E1
51	9.48000000000000043E8	1.06923029599502062E1
51	9.49000000000000021E8	1.07215150791394787E1
51	9.50000000000000000E8	1.07504881232473237E1
51	9.50999999999999979E8	1.07792069045763661E1
51	9.51999999999999957E8	1.08076558710395854E1
51	9.52999999999999936E8	1.08358191073421217E1
51	9.54000000000000092E8	1.08636803373845092E1
51	9.55000000000000071E8	1.08912229271098493E1
51	9.55999999999999872E8	1.09184298884790065E1
51	9.57000000000000028E8	1.09452838843783162E1
51	9.58000000000000007E8	1.09717672343925776E1
51	9.58999999999999986E8	1.09978619216708151E1
51	9.59999999999999964E8	1.10235496009083667E1
51	9.60999999999999943E8	1.10488116074514076E1
51	9.62000000000000099E8	1.10736289674711252E1
51	9.62999999999999901E8	1.10979824097694180E1
51	9.64000000000000057E8	1.11218523779700051E1
51	9.65000000000000036E8	1.11452190451205957E1
51	9.66000000000000014E8	1.11680623287122693E1
51	9.66999999999999993E8	1.11903619074758698E1
51	9.67999999999999972E8	1.12120972397717678E1
51	9.69000000000000128E8	1.12332475826749056E1
51	9.69999999999999929E8	1.12537920134022529E1
51	9.70999999999999908E8	1.12737094513217029E1
51	9.72000000000000064E8	1.12929786822587164E1
51	9.73000000000000043E8	1.13115783832028294E1
51	9.74000000000000021E8	1.13294871494878291E1
51	9.75000000000000000E8	1.13466835229707330E1
51	9.75999999999999979E8	1.13631460210297797E1
51	9.76999999999999957E8	1.13788531680227134E1
51	9.77999999999999936E8	1.13937835270709265E1
51	9.79000000000000092E8	1.14079157336856940E1
51	9.80000000000000071E8	1.14212285303883276E1
51	9.80999999999999872E8	1.14337008022241560E1
51	9.82000000000000028E8	1.14453116137955524E1
51	9.83000000000000007E8	1.14560402468518041E1
51	9.83999999999999986E8	1.14658662387085464E1
51	9.84999999999999964E8	1.14747694217007523E1
51	9.85999999999999943E8	1.14827299628435542E1
51	9.87000000000000099E8	1.14897284041995063E1
51	9.87999999999999901E8	1.14957457035519339E1
51	9.89000000000000057E8	1.15007632751033451E1
51	9.90000000000000036E8	1.15047630302936854E1
51	9.91000000000000014E8	1.15077274183618683E1
51	9.91999999999999993E8	1.15096394668644009E1
51	9.92999999999999972E8	1.15104828211759491E1
51	9.94000000000000128E8	1.15102417839058435E1
51	9.94999999999999929E8	1.15089013527736772E1
51	9.95999999999999908E8	1.15064472583754585E1
51	9.97000000000000064E8	1.15028659994402105E1
51	9.98000000000000043E8	1.14981448780406770E1
51	9.99000000000000021E8	1.14922720320456873E1
51	1.00000000000000000E9	1.14852364668167706E1
51	1.00099999999999989E9	1.14770280839019101E1
51	1.00200000000000000E9	1.14676377086640580E1
51	1.00299999999999989E9	1.14570571151539968E1
51	1.00400000000000000E9	1.14452790482438393E1
51	1.00500000000000012E9	1.14322972441953530E1
51	1.00599999999999978E9	1.14181064479507066E1
51	1.00700000000000012E9	1.14027024274593836E1
51	1.00800000000000001E9	1.13860819859444784E1
51	1.00899999999999990E9	1.13682429706645305E1
51	1.01000000000000001E9	1.13491842791077713E1
51	1.01099999999999990E9	1.13289058618741212E1
51	1.01200000000000001E9	1.13074087229925402E1
51	1.01299999999999990E9	1.12846949168054489E1
51	1.01400000000000001E9	1.12607675422467701E1
51	1.01500000000000012E9	1.12356307337679229E1
51	1.01600000000000001E9	1.12092896500817996E1
51	1.01699999999999990E9	1.11817504590628936E1
51	1.01800000000000002E9	1.11530203209238699E1
51	1.01900000000000013E9	1.11231073680875459E1
51	1.02000000000000002E9	1.10920206829768997E1
51	1.02099999999999991E9	1.10597702728942870E1
51	1.02200000000000002E9	1.10263670432135275E1
51	1.02300000000000013E9	1.09918227684234138E1
51	1.02400000000000002E9	1.09561500603748807E1
51	1.02499999999999991E9	1.09193623361090686E1
51	1.02600000000000002E9	1.08814737829586905E1
51	1.02699999999999991E9	1.08424993227667676E1
51	1.02800000000000002E9	1.08024545747919776E1
51	1.02900000000000014E9	1.07613558175382562E1
51	1.03000000000000003E9	1.07192199495713658E1
51	1.03099999999999992E9	1.06760644497815194E1
51	1.03200000000000003E9	1.06319073371709627E1
51	1.03299999999999992E9	1.05867671301139032E1
51	1.03400000000000003E9	1.05406628057869067E1
51	1.03499999999999992E9	1.04936137591408807E1
51	1.03600000000000003E9	1.04456397623417030E1
51	1.03700000000000014E9	1.03967609246089165E1
51	1.03799999999999981E9	1.03469976521504248E1
51	1.03900000000000015E9	1.02963706089478824E1
51	1.04000000000000004E9	1.02449006782253038E1
51	1.04099999999999993E9	1.01926089245509077E1
51	1.04200000000000004E9	1.01395165573413282E1
51	1.04299999999999993E9	1.00856448947787780E1
51	1.04400000000000004E9	1.00310153291489179E1
51	1.04499999999999993E9	9.97564929354436991E0
51	1.04599999999999982E9	9.91956822936118243E0
51	1.04700000000000015E9	9.86279355570836103E0
51	1.04800000000000004E9	9.80534663939092077E0
51	1.04899999999999993E9	9.74724876704960153E0
51	1.05000000000000004E9	9.68852111803066229E0
51	1.05099999999999993E9	9.62918473946211861E0
51	1.05200000000000005E9	9.56926052182436493E0
51	1.05299999999999994E9	9.50876917689190293E0
51	1.05400000000000005E9	9.44773121641081914E0
51	1.05500000000000016E9	9.38616693260683022E0
51	1.05599999999999983E9	9.32409637991337270E0
51	1.05699999999999994E9	9.26153935815925067E0
51	1.05800000000000005E9	9.19851539727060263E0
51	1.05899999999999994E9	9.13504374291760612E0
51	1.06000000000000005E9	9.07114334387224730E0
51	1.06099999999999994E9	9.00683284035864773E0
51	1.06200000000000006E9	8.94213055379461252E0
51	1.06299999999999994E9	8.87705447762567346E0
51	1.06400000000000006E9	8.81162226916350022E0
51	1.06499999999999995E9	8.74585124295501082E0
51	1.06600000000000006E9	8.67975836451772942E0
51	1.06699999999999995E9	8.61336024575597392E0
51	1.06800000000000006E9	8.54667314078333007E0
51	1.06900000000000017E9	8.47971294303129852E0
51	1.06999999999999984E9	8.41249518279847841E0
51	1.07099999999999995E9	8.34503502608134085E0
51	1.07200000000000006E9	8.27734727376378387E0
51	1.07299999999999995E9	8.20944636160574781E0
51	1.07400000000000007E9	8.14134636101435838E0
51	1.07499999999999996E9	8.07306098022591279E0
51	1.07600000000000007E9	8.00460356631233161E0
51	1.07699999999999996E9	7.93598710737511315E0
51	1.07799999999999985E9	7.86722423566676898E0
51	1.07900000000000018E9	7.79832723056725996E0
51	1.08000000000000007E9	7.72930802254231786E0
51	1.08099999999999996E9	7.66017819712520609E0
51	1.08200000000000007E9	7.59094899927083411E0
51	1.08299999999999996E9	7.52163133822824737E0
51	1.08400000000000007E9	7.45223579237861333E0
51	1.08499999999999996E9	7.38277261449957756E0
51	1.08599999999999985E9	7.31325173718230737E0
51	1.08700000000000019E9	7.24368277840785524E0
51	1.08799999999999986E9	7.17407504738900226E0
51	1.08899999999999997E9	7.10443755042040692E0
51	1.09000000000000008E9	7.03477899681411056E0
51	1.09099999999999997E9	6.96510780515516714E0
51	1.09200000000000008E9	6.89543210937960893E0
51	1.09299999999999997E9	6.82575976493348513E0
51	1.09400000000000008E9	6.75609835525064817E0
51	1.09499999999999997E9	6.68645519766248331E0
51	1.09599999999999986E9	6.61683735008812235E0
51	1.09699999999999998E9	6.54725161702925806E0
51	1.09800000000000009E9	6.47770455592963579E0
51	1.09899999999999998E9	6.40820248338465071E0
51	1.10000000000000009E9	6.33875148135596334E0
51	1.10099999999999998E9	6.26935740319799706E0
51	1.10199999999999987E9	6.20002587984294617E0
51	1.10299999999999998E9	6.13076232577855684E0
51	1.10400000000000009E9	6.06157194494279850E0
51	1.10499999999999998E9	5.99245973660349041E0
51	1.10599999999999987E9	5.92343050113739356E0
51	1.10699999999999998E9	5.85448884567363059E0
51	1.10800000000000010E9	5.78563918972642721E0
51	1.10899999999999999E9	5.71688577062391445E0
51	1.10999999999999988E9	5.64823264896726407E0
51	1.11099999999999999E9	5.57968371384507744E0
51	1.11200000000000010E9	5.51124268807761197E0
51	1.11299999999999999E9	5.44291313323305559E0
51	1.11400000000000010E9	5.37469845462336160E0
51	1.11499999999999999E9	5.30660190619322680E0
51	1.11600000000000010E9	5.23862659514789542E0
51	1.11699999999999999E9	5.17077548678810572E0
51	1.11799999999999988E9	5.10305140884238728E0
51	1.11900000000000022E9	5.03545705599544746E0
51	1.11999999999999988E9	4.96799499420620272E0
51	1.12100000000000000E9	4.90066766483160432E0
51	1.12200000000000011E9	4.83347738876736965E0
51	1.12300000000000000E9	4.76642637044030781E0
51	1.12400000000000011E9	4.69951670169373159E0
51	1.12500000000000000E9	4.63275036555401343E0
51	1.12599999999999989E9	4.56612923984224572E0
51	1.12700000000000000E9	4.49965510092567822E0
51	1.12799999999999989E9	4.43332962693016874E0
51	1.12900000000000000E9	4.36715440137301414E0
51	1.13000000000000012E9	4.30113091626016431E0
51	1.13099999999999978E9	4.23526057533585654E0
51	1.13200000000000012E9	4.16954469719911369E0
51	1.13300000000000001E9	4.10398451823091559E0
51	1.13399999999999990E9	4.03858119558846518E0
51	1.13500000000000001E9	3.97333580996522784E0
51	1.13599999999999990E9	3.90824936832429159E0
51	1.13700000000000001E9	3.84332280662119663E0
51	1.13799999999999990E9	3.77855699230213915E0
51	1.13900000000000001E9	3.71395272680144028E0
51	1.14000000000000012E9	3.64951074802858066E0
51	1.14100000000000001E9	3.58523173264293149E0
51	1.14199999999999990E9	3.52111629829175810E0
51	1.14300000000000002E9	3.45716500588989106E0
51	1.14400000000000013E9	3.39337836168593254E0
51	1.14500000000000002E9	3.32975681932952527E0
51	1.14599999999999991E9	3.26630078186917583E0
51	1.14700000000000002E9	3.20301060364915635E0
51	1.14800000000000013E9	3.13988659222998567E0
51	1.14900000000000002E9	3.07692901011254394E0
51	1.14999999999999991E9	3.01413807651887256E0
51	1.15100000000000002E9	2.95151396912168718E0
51	1.15199999999999991E9	2.88905682558647170E0
51	1.15300000000000002E9	2.82676674520629856E0
51	1.15400000000000014E9	2.76464379038339736E0
51	1.15500000000000003E9	2.70268798814394806E0
51	1.15599999999999992E9	2.64089933156567547E0
51	1.15700000000000003E9	2.57927778104912875E0
51	1.15799999999999992E9	2.51782326579998506E0
51	1.15900000000000003E9	2.45653568496027663E0
51	1.15999999999999992E9	2.39541490896533027E0
51	1.16100000000000003E9	2.33446078068673657E0
51	1.16200000000000014E9	2.27367311655457716E0
51	1.16299999999999981E9	2.21305170775622839E0
51	1.16400000000000015E9	2.15259632124296640E0
51	1.16500000000000004E9	2.09230670077627678E0
51	1.16599999999999993E9	2.03218256798707753E0
51	1.16700000000000004E9	1.97222362328782141E0
51	1.16799999999999993E9	1.91242954680830501E0
51	1.16900000000000004E9	1.85279999933852824E0
51	1.16999999999999993E9	1.79333462315492032E0
51	1.17099999999999982E9	1.73403304289421367E0
51	1.17200000000000015E9	1.67489486631137496E0
51	1.17300000000000004E9	1.61591968516483186E0
51	1.17399999999999993E9	1.55710707585958197E0
51	1.17500000000000004E9	1.49845660020312299E0
51	1.17599999999999993E9	1.43996780615341957E0
51	1.17700000000000005E9	1.38164022845308465E0
51	1.17799999999999994E9	1.32347338927212599E0
51	1.17900000000000005E9	1.26546679887513891E0
51	1.18000000000000016E9	1.20761995620790508E0
51	1.18099999999999983E9	1.14993234945367973E0
51	1.18199999999999994E9	1.09240345665514171E0
51	1.18300000000000005E9	1.03503274619446595E0
51	1.18399999999999994E9	9.77819677354889905E-1
51	1.18500000000000005E9	9.20763700821060382E-1
51	1.18599999999999994E9	8.63864259144961899E-1
51	1.18700000000000006E9	8.07120787223818681E-1
51	1.18799999999999994E9	7.50532712760527687E-1
51	1.18900000000000006E9	6.94099456675620452E-1
51	1.18999999999999995E9	6.37820433532752062E-1
51	1.19100000000000006E9	5.81695051958305775E-1
51	1.19199999999999995E9	5.25722714983998962E-1
51	1.19300000000000006E9	4.69902820488897532E-1
51	1.19400000000000017E9	4.14234761487962189E-1
51	1.19499999999999984E9	3.58717926505486417E-1
51	1.19599999999999995E9	3.03351699919085460E-1
51	1.19700000000000006E9	2.48135462263534823E-1
51	1.19799999999999995E9	1.93068590525959749E-1
51	1.19900000000000007E9	1.38150458477730709E-1
51	1.19999999999999996E9	8.33804369118496069E-2
51	1.20100000000000007E9	2.87578939600524830E-2
51	1.20199999999999996E9	-2.57178046551468054E-2
51	1.20299999999999985E9	-8.00472954107174317E-2
51	1.20400000000000018E9	-1.34231216678933363E-1
51	1.20500000000000007E9	-1.88270208539362960E-1
51	1.20599999999999996E9	-2.42164912524744302E-1
51	1.20700000000000007E9	-2.95915971424934821E-1
51	1.20799999999999996E9	-3.49524029091066213E-1
51	1.20900000000000007E9	-4.02989730197317630E-1
51	1.20999999999999996E9	-4.56313720093296560E-1
51	1.21099999999999985E9	-5.09496644588045111E-1
51	1.21200000000000019E9	-5.62539149803688687E-1
51	1.21299999999999986E9	-6.15441881983736927E-1
51	1.21399999999999997E9	-6.68205487368044881E-1
51	1.21500000000000008E9	-7.20830611963541923E-1
51	1.21599999999999997E9	-7.73317901482447390E-1
51	1.21700000000000008E9	-8.25668001180423161E-1
51	1.21799999999999997E9	-8.77881555642318645E-1
51	1.21900000000000008E9	-9.29959208775596835E-1
51	1.21999999999999997E9	-9.81901603596136496E-1
51	1.22099999999999986E9	-1.03370938212258756E0
51	1.22199999999999998E9	-1.08538318531652433E0
51	1.22300000000000009E9	-1.13692365289431208E0
51	1.22399999999999998E9	-1.18833142327903296E0
51	1.22500000000000009E9	-1.23960713348448692E0
51	1.22599999999999998E9	-1.29075141903348478E0
51	1.22699999999999987E9	-1.34176491381825436E0
51	1.22799999999999998E9	-1.39264825007905468E0
51	1.22900000000000009E9	-1.44340205828193957E0
51	1.22999999999999998E9	-1.49402696704600180E0
51	1.23099999999999987E9	-1.54452360308240477E0
51	1.23199999999999998E9	-1.59489259110105919E0
51	1.23300000000000010E9	-1.64513455375905226E0
51	1.23399999999999999E9	-1.69525011159935235E0
51	1.23499999999999988E9	-1.74523988296648680E0
51	1.23599999999999999E9	-1.79510448397736133E0
51	1.23700000000000010E9	-1.84484452844833058E0
51	1.23799999999999999E9	-1.89446062783797076E0
51	1.23900000000000010E9	-1.94395339121566346E0
51	1.23999999999999999E9	-1.99332342520021633E0
51	1.24100000000000010E9	-2.04257133392619927E0
51	1.24199999999999999E9	-2.09169771899330481E0
51	1.24299999999999988E9	-2.14070317943378585E0
51	1.24400000000000022E9	-2.18958831165995926E0
51	1.24499999999999988E9	-2.23835370945322243E0
51	1.24600000000000000E9	-2.28699996391117288E0
51	1.24700000000000011E9	-2.33552766342636042E0
51	1.24800000000000000E9	-2.38393739366531454E0
51	1.24900000000000011E9	-2.43222973752536031E0
51	1.25000000000000000E9	-2.48040527510701914E0
51	1.25099999999999989E9	-2.52846458371450877E0
51	1.25200000000000000E9	-2.57640823781492045E0
51	1.25299999999999989E9	-2.62423680902076351E0
51	1.25400000000000000E9	-2.67195086607310373E0
51	1.25500000000000012E9	-2.71955097483788144E0
51	1.25599999999999978E9	-2.76703769826767498E0
51	1.25700000000000012E9	-2.81441159639421512E0
51	1.25800000000000001E9	-2.86167322633842680E0
51	1.25899999999999990E9	-2.90882314225428384E0
51	1.26000000000000001E9	-2.95586189538432897E0
51	1.26099999999999990E9	-3.00279003396099231E0
51	1.26200000000000001E9	-3.04960810329529552E0
51	1.26299999999999990E9	-3.09631664570090726E0
51	1.26400000000000001E9	-3.14291620051486253E0
51	1.26500000000000012E9	-3.18940730410480766E0
51	1.26600000000000001E9	-3.23579048983472095E0
51	1.26699999999999990E9	-3.28206628806536171E0
51	1.26800000000000002E9	-3.32823522621246992E0
51	1.26900000000000013E9	-3.37429782865096728E0
51	1.27000000000000002E9	-3.42025461679577347E0
51	1.27099999999999991E9	-3.46610610905228977E0
51	1.27200000000000002E9	-3.51185282083334593E0
51	1.27300000000000013E9	-3.55749526458531529E0
51	1.27400000000000002E9	-3.60303394974615188E0
51	1.27499999999999991E9	-3.64846938278627064E0
51	1.27600000000000002E9	-3.69380206718787996E0
51	1.27699999999999991E9	-3.73903250347145466E0
51	1.27800000000000002E9	-3.78416118918390865E0
51	1.27900000000000014E9	-3.82918861890929030E0
51	1.28000000000000003E9	-3.87411528429326291E0
51	1.28099999999999992E9	-3.91894167401228977E0
51	1.28199999999999981E9	-3.96366827380925812E0
51	1.28300000000000014E9	-4.00829556651588703E0
51	1.28400000000000003E9	-4.05282403200135466E0
51	1.28499999999999992E9	-4.09725414725581238E0
51	1.28600000000000003E9	-4.14158638635255993E0
51	1.28699999999999992E9	-4.18582122045283356E0
51	1.28800000000000003E9	-4.22995911786477841E0
51	1.28900000000000015E9	-4.27400054398910534E0
51	1.29000000000000004E9	-4.31794596139047293E0
51	1.29099999999999993E9	-4.36179582975482916E0
51	1.29199999999999982E9	-4.40555060594752845E0
51	1.29300000000000015E9	-4.44921074398267802E0
51	1.29400000000000004E9	-4.49277669507541422E0
51	1.29499999999999993E9	-4.53624890762876287E0
51	1.29599999999999982E9	-4.57962782724047468E0
51	1.29699999999999993E9	-4.62291389673988817E0
51	1.29800000000000004E9	-4.66610755618865092E0
51	1.29899999999999993E9	-4.70920924287505827E0
51	1.30000000000000004E9	-4.75221939136609706E0
51	1.30099999999999993E9	-4.79513843349124613E0
51	1.30200000000000005E9	-4.83796679836696075E0
51	1.30300000000000016E9	-4.88070491239999260E0
51	1.30400000000000005E9	-4.92335319932678050E0
51	1.30500000000000016E9	-4.96591208018804053E0
51	1.30599999999999983E9	-5.00838197337349023E0
51	1.30699999999999994E9	-5.05076329463745122E0
51	1.30800000000000027E9	-5.09305645709738997E0
51	1.30899999999999994E9	-5.13526187124316458E0
51	1.31000000000000005E9	-5.17737994497574316E0
51	1.31099999999999994E9	-5.21941108361002915E0
51	1.31199999999999983E9	-5.26135568987662250E0
51	1.31300000000000017E9	-5.30321416395447898E0
51	1.31400000000000006E9	-5.34498690347792493E0
51	1.31499999999999995E9	-5.38667430356290478E0
51	1.31600000000000006E9	-5.42827675680461397E0
51	1.31699999999999973E9	-5.46979465329275971E0
51	1.31800000000000006E9	-5.51122838064328313E0
51	1.31900000000000017E9	-5.55257832400555884E0
51	1.31999999999999984E9	-5.59384486606471754E0
51	1.32099999999999995E9	-5.63502838708733655E0
51	1.32199999999999984E9	-5.67612926489785252E0
51	1.32299999999999995E9	-5.71714787492541010E0
51	1.32400000000000007E9	-5.75808459019689600E0
51	1.32499999999999996E9	-5.79893978136785027E0
51	1.32600000000000007E9	-5.83971381674247869E0
51	1.32699999999999996E9	-5.88040706225559084E0
51	1.32800000000000007E9	-5.92101988152996661E0
51	1.32900000000000018E9	-5.96155263585905626E0
51	1.33000000000000007E9	-6.00200568424164604E0
51	1.33099999999999996E9	-6.04237938338433445E0
51	1.33199999999999985E9	-6.08267408773147000E0
51	1.33300000000000018E9	-6.12289014946295840E0
51	1.33400000000000007E9	-6.16302791851419673E0
51	1.33499999999999996E9	-6.20308774260757723E0
51	1.33599999999999985E9	-6.24306996724401042E0
51	1.33699999999999997E9	-6.28297493572788923E0
51	1.33800000000000008E9	-6.32280298918411710E0
51	1.33899999999999997E9	-6.36255446657082135E0
51	1.34000000000000008E9	-6.40222970470177444E0
51	1.34099999999999997E9	-6.44182903823232067E0
51	1.34199999999999986E9	-6.48135279971183920E0
51	1.34300000000000019E9	-6.52080131958031650E0
51	1.34400000000000008E9	-6.56017492617868925E0
51	1.34499999999999997E9	-6.59947394577684854E0
51	1.34599999999999986E9	-6.63869870256345962E0
51	1.34699999999999998E9	-6.67784951869673726E0
51	1.34800000000000009E9	-6.71692671428590415E0
51	1.34899999999999998E9	-6.75593060742507046E0
51	1.35000000000000009E9	-6.79486151419145479E0
51	1.35099999999999998E9	-6.83371974868054988E0
51	1.35199999999999987E9	-6.87250562300023127E0
51	1.35300000000000020E9	-6.91121944730146609E0
51	1.35400000000000009E9	-6.94986152976925009E0
51	1.35499999999999998E9	-6.98843217666602001E0
51	1.35599999999999987E9	-7.02693169231867198E0
51	1.35699999999999976E9	-7.06536037915279547E0
51	1.35800000000000010E9	-7.10371853769029471E0
51	1.35899999999999999E9	-7.14200646657532445E0
51	1.35999999999999988E9	-7.18022446257685498E0
51	1.36099999999999999E9	-7.21837282061297891E0
51	1.36199999999999988E9	-7.25645183375829195E0
51	1.36299999999999999E9	-7.29446179325601385E0
51	1.36400000000000010E9	-7.33240298853140704E0
51	1.36499999999999999E9	-7.37027570721062286E0
51	1.36600000000000010E9	-7.40808023511692859E0
51	1.36699999999999977E9	-7.44581685632257262E0
51	1.36800000000000010E9	-7.48348585310868941E0
51	1.36900000000000022E9	-7.52108750601410136E0
51	1.36999999999999988E9	-7.55862209384592632E0
51	1.37100000000000000E9	-7.59608989367331588E0
51	1.37199999999999989E9	-7.63349118085784628E0
51	1.37300000000000000E9	-7.67082622905245426E0
51	1.37400000000000011E9	-7.70809531023706640E0
51	1.37500000000000000E9	-7.74529869469847654E0
51	1.37599999999999989E9	-7.78243665106451310E0
51	1.37700000000000000E9	-7.81950944630915679E0
51	1.37800000000000011E9	-7.85651734577226257E0
51	1.37900000000000000E9	-7.89346061316091419E0
51	1.38000000000000012E9	-7.93033951056425224E0
51	1.38099999999999978E9	-7.96715429846458800E0
51	1.38199999999999990E9	-8.00390523575263835E0
51	1.38300000000000023E9	-8.04059257974983055E0
51	1.38399999999999990E9	-8.07721658618928373E0
51	1.38500000000000001E9	-8.11377750925796271E0
51	1.38599999999999990E9	-8.15027560159274245E0
51	1.38700000000000001E9	-8.18671111428695752E0
51	1.38800000000000012E9	-8.22308429692453657E0
51	1.38900000000000001E9	-8.25939539756835828E0
51	1.39000000000000012E9	-8.29564466277990853E0
51	1.39100000000000001E9	-8.33183233762630060E0
51	1.39199999999999990E9	-8.36795866569766744E0
51	1.39300000000000024E9	-8.40402388911954823E0
51	1.39400000000000013E9	-8.44002824855063594E0
51	1.39500000000000002E9	-8.47597198320251977E0
51	1.39599999999999991E9	-8.51185533085857671E0
51	1.39699999999999980E9	-8.54767852786325122E0
51	1.39800000000000013E9	-8.58344180915653077E0
51	1.39900000000000002E9	-8.61914540826417941E0
51	1.39999999999999991E9	-8.65478955731873256E0
51	1.40100000000000002E9	-8.69037448706946059E0
51	1.40199999999999991E9	-8.72590042688363887E0
51	1.40300000000000002E9	-8.76136760477232457E0
51	1.40400000000000014E9	-8.79677624739150943E0
51	1.40500000000000003E9	-8.83212658003904494E0
51	1.40599999999999992E9	-8.86741882669365999E0
51	1.40699999999999981E9	-8.90265321000280174E0
51	1.40800000000000014E9	-8.93782995128824176E0
51	1.40900000000000003E9	-8.97294927057782665E0
51	1.40999999999999992E9	-9.00801138659902811E0
51	1.41100000000000003E9	-9.04301651678681040E0
51	1.41199999999999992E9	-9.07796487731195256E0
51	1.41300000000000003E9	-9.11285668306023666E0
51	1.41400000000000015E9	-9.14769214767130201E0
51	1.41500000000000004E9	-9.18247148352047127E0
51	1.41599999999999993E9	-9.21719490175532030E0
51	1.41699999999999982E9	-9.25186261228529361E0
51	1.41800000000000015E9	-9.28647482380280564E0
51	1.41900000000000004E9	-9.32103174377788513E0
51	1.41999999999999993E9	-9.35553357847395439E0
51	1.42099999999999982E9	-9.38998053296881174E0
51	1.42199999999999993E9	-9.42437281114272807E0
51	1.42300000000000004E9	-9.45871061570461436E0
51	1.42399999999999993E9	-9.49299414818857912E0
51	1.42500000000000004E9	-9.52722360895738341E0
51	1.42599999999999993E9	-9.56139919723941212E0
51	1.42700000000000005E9	-9.59552111110030914E0
51	1.42800000000000016E9	-9.62958954748460982E0
51	1.42900000000000005E9	-9.66360470218869239E0
51	1.43000000000000016E9	-9.69756676990358102E0
51	1.43099999999999983E9	-9.73147594420270501E0
51	1.43199999999999994E9	-9.76533241755105763E0
51	1.43300000000000027E9	-9.79913638132531162E0
51	1.43399999999999994E9	-9.83288802580702281E0
51	1.43500000000000005E9	-9.86658754019698314E0
51	1.43599999999999994E9	-9.90023511262388212E0
51	1.43699999999999983E9	-9.93383093015631680E0
51	1.43800000000000017E9	-9.96737517879536306E0
51	1.43900000000000006E9	-1.00008680434994424E1
51	1.43999999999999995E9	-1.00343097081749044E1
51	1.44100000000000006E9	-1.00677003557127498E1
51	1.44199999999999973E9	-1.01010401679528883E1
51	1.44300000000000006E9	-1.01343293257287104E1
51	1.44400000000000017E9	-1.01675680088577325E1
51	1.44499999999999984E9	-1.02007563961485781E1
51	1.44599999999999995E9	-1.02338946654130658E1
51	1.44699999999999984E9	-1.02669829934709256E1
51	1.44799999999999995E9	-1.03000215561608610E1
51	1.44900000000000007E9	-1.03330105283428675E1
51	1.44999999999999996E9	-1.03659500838969354E1
51	1.45100000000000007E9	-1.03988403957550424E1
51	1.45199999999999996E9	-1.04316816358814357E1
51	1.45300000000000007E9	-1.04644739752914040E1
51	1.45400000000000018E9	-1.04972175840627990E1
51	1.45500000000000007E9	-1.05299126313248070E1
51	1.45599999999999996E9	-1.05625592852938421E1
51	1.45699999999999985E9	-1.05951577132494967E1
51	1.45800000000000018E9	-1.06277080815592107E1
51	1.45900000000000007E9	-1.06602105556749804E1
51	1.45999999999999996E9	-1.06926653001537320E1
51	1.46099999999999985E9	-1.07250724786479057E1
51	1.46199999999999997E9	-1.07574322539207001E1
51	1.46300000000000008E9	-1.07897447878473951E1
51	1.46399999999999997E9	-1.08220102414246178E1
51	1.46500000000000008E9	-1.08542287747869848E1
51	1.46599999999999997E9	-1.08864005471863479E1
51	1.46699999999999986E9	-1.09185257170215322E1
51	1.46800000000000019E9	-1.09506044418362425E1
51	1.46900000000000008E9	-1.09826368783276829E1
51	1.46999999999999997E9	-1.10146231823461771E1
51	1.47099999999999986E9	-1.10465635089070657E1
51	1.47199999999999998E9	-1.10784580121959442E1
51	1.47300000000000009E9	-1.11103068455698040E1
51	1.47399999999999998E9	-1.11421101615672846E1
51	1.47500000000000009E9	-1.11738681119145133E1
51	1.47599999999999998E9	-1.12055808475305008E1
51	1.47699999999999987E9	-1.12372485185283444E1
51	1.47800000000000020E9	-1.12688712742201336E1
51	1.47900000000000009E9	-1.13004492631365849E1
51	1.47999999999999998E9	-1.13319826330175388E1
51	1.48099999999999987E9	-1.13634715308158185E1
51	1.48199999999999976E9	-1.13949161027222190E1
51	1.48300000000000010E9	-1.14263164941415640E1
51	1.48399999999999999E9	-1.14576728497263769E1
51	1.48499999999999988E9	-1.14889853133657827E1
51	1.48599999999999999E9	-1.15202540281870247E1
51	1.48699999999999988E9	-1.15514791365826763E1
51	1.48799999999999999E9	-1.15826607801885828E1
51	1.48900000000000010E9	-1.16137990999074714E1
51	1.48999999999999999E9	-1.16448942359107743E1
51	1.49100000000000010E9	-1.16759463276268804E1
51	1.49199999999999977E9	-1.17069555137821979E1
51	1.49300000000000010E9	-1.17379219323618145E1
51	1.49400000000000022E9	-1.17688457206533648E1
51	1.49499999999999988E9	-1.17997270152240086E1
51	1.49600000000000000E9	-1.18305659519421136E1
51	1.49699999999999989E9	-1.18613626659769267E1
51	1.49800000000000000E9	-1.18921172918001683E1
51	1.49900000000000011E9	-1.19228299631837098E1
51	1.50000000000000000E9	-1.19535008132375964E1


