freq	dB(S(2,1))
5.00000000000000000E8	8.52279086526118768E0
5.00999999999999979E8	8.50460264302466307E0
5.02000000000000046E8	8.48649314003181132E0
5.02999999999999936E8	8.46846235265866909E0
5.04000000000000004E8	8.45051027815234512E0
5.04999999999999982E8	8.43263691464976439E0
5.06000000000000050E8	8.41484226116950573E0
5.07000000000000028E8	8.39712631763488027E0
5.08000000000000007E8	8.37948908485446253E0
5.08999999999999986E8	8.36193056453297423E0
5.09999999999999964E8	8.34445075928836744E0
5.11000000000000032E8	8.32704967263370222E0
5.12000000000000011E8	8.30972730899780032E0
5.12999999999999989E8	8.29248367372008488E0
5.13999999999999968E8	8.27531877305537655E0
5.15000000000000036E8	8.25823261417866306E0
5.16000000000000014E8	8.24122520519387791E0
5.16999999999999993E8	8.22429655512855362E0
5.17999999999999972E8	8.20744667393376304E0
5.18999999999999950E8	8.19067557251366019E0
5.20000000000000018E8	8.17398326269060682E0
5.20999999999999996E8	8.15736975724577462E0
5.22000000000000064E8	8.14083506989918426E0
5.22999999999999954E8	8.12437921531932439E0
5.24000000000000021E8	8.10800220913238157E0
5.25000000000000000E8	8.09170406792624775E0
5.25999999999999979E8	8.07548480923934875E0
5.27000000000000046E8	8.05934445158562873E0
5.27999999999999936E8	8.04328301444875748E0
5.29000000000000004E8	8.02730051828620361E0
5.29999999999999982E8	8.01139698452098159E0
5.31000000000000050E8	7.99557243558060105E0
5.32000000000000028E8	7.97982689485892127E0
5.33000000000000007E8	7.96416038675416083E0
5.33999999999999986E8	7.94857293665319098E0
5.34999999999999964E8	7.93306457094211304E0
5.36000000000000032E8	7.91763531700904633E0
5.37000000000000011E8	7.90228520325467088E0
5.37999999999999989E8	7.88701425908572773E0
5.38999999999999968E8	7.87182251493375951E0
5.40000000000000036E8	7.85671000223933103E0
5.41000000000000014E8	7.84167675348245652E0
5.41999999999999993E8	7.82672280216060834E0
5.42999999999999972E8	7.81184818281812632E0
5.43999999999999950E8	7.79705293102554009E0
5.45000000000000018E8	7.78233708340707864E0
5.45999999999999996E8	7.76770067762735117E0
5.47000000000000064E8	7.75314375241364928E0
5.47999999999999954E8	7.73866634754088256E0
5.49000000000000021E8	7.72426850385971608E0
5.50000000000000000E8	7.70995026327345023E0
5.50999999999999979E8	7.69571166877054935E0
5.52000000000000046E8	7.68155276441037227E0
5.52999999999999936E8	7.66747359533778905E0
5.54000000000000004E8	7.65347420777943555E0
5.54999999999999982E8	7.63955464906700410E0
5.56000000000000050E8	7.62571496761702861E0
5.57000000000000028E8	7.61195521295735844E0
5.58000000000000007E8	7.59827543571295116E0
5.58999999999999986E8	7.58467568764385458E0
5.59999999999999964E8	7.57115602160390555E0
5.61000000000000032E8	7.55771649158760539E0
5.62000000000000011E8	7.54435715271564078E0
5.62999999999999989E8	7.53107806123760781E0
5.63999999999999968E8	7.51787927455433014E0
5.65000000000000036E8	7.50476085119801262E0
5.66000000000000014E8	7.49172285087424861E0
5.66999999999999993E8	7.47876533442164515E0
5.67999999999999972E8	7.46588836385789545E0
5.68999999999999950E8	7.45309200236986058E0
5.70000000000000018E8	7.44037631431475788E0
5.70999999999999996E8	7.42774136522538786E0
5.72000000000000064E8	7.41518722183192480E0
5.72999999999999954E8	7.40271395204709304E0
5.74000000000000021E8	7.39032162498995149E0
5.75000000000000000E8	7.37801031098720728E0
5.75999999999999979E8	7.36578008156244746E0
5.77000000000000046E8	7.35363100947402781E0
5.77999999999999936E8	7.34156316869105474E0
5.79000000000000004E8	7.32957663441622298E0
5.79999999999999982E8	7.31767148309003890E0
5.81000000000000050E8	7.30584779239740190E0
5.82000000000000028E8	7.29410564126533956E0
5.83000000000000007E8	7.28244510988557536E0
5.83999999999999986E8	7.27086627970583521E0
5.84999999999999964E8	7.25936923345232898E0
5.86000000000000032E8	7.24795405511090252E0
5.87000000000000011E8	7.23662082996772682E0
5.87999999999999989E8	7.22536964458721087E0
5.88999999999999968E8	7.21420058683652421E0
5.90000000000000036E8	7.20311374588288089E0
5.91000000000000014E8	7.19210921221232891E0
5.91999999999999993E8	7.18118707761221664E0
5.92999999999999972E8	7.17034743521732221E0
5.93999999999999950E8	7.15959037947230126E0
5.95000000000000018E8	7.14891600618125445E0
5.95999999999999996E8	7.13832441248064331E0
5.97000000000000064E8	7.12781569687467353E0
5.97999999999999954E8	7.11738995922245365E0
5.99000000000000021E8	7.10704730075264202E0
6.00000000000000000E8	7.09678782407943309E0
6.00999999999999979E8	7.08661163318936449E0
6.02000000000000046E8	7.07651883347299204E0
6.02999999999999936E8	7.06650953171858731E0
6.04000000000000004E8	7.05658383613032658E0
6.04999999999999982E8	7.04674185631668948E0
6.06000000000000050E8	7.03698370332324963E0
6.07000000000000028E8	7.02730948962308499E0
6.08000000000000007E8	7.01771932913353602E0
6.08999999999999986E8	7.00821333722813300E0
6.09999999999999964E8	6.99879163073152810E0
6.11000000000000032E8	6.98945432793555099E0
6.12000000000000011E8	6.98020154861367015E0
6.12999999999999989E8	6.97103341402358900E0
6.13999999999999968E8	6.96195004691139818E0
6.15000000000000036E8	6.95295157152909304E0
6.16000000000000014E8	6.94403811363876411E0
6.16999999999999993E8	6.93520980053018743E0
6.17999999999999972E8	6.92646676101613146E0
6.18999999999999950E8	6.91780912544363691E0
6.20000000000000018E8	6.90923702571201659E0
6.20999999999999996E8	6.90075059528756718E0
6.22000000000000064E8	6.89234996918439347E0
6.22999999999999954E8	6.88403528401079878E0
6.24000000000000021E8	6.87580667794971667E0
6.25000000000000000E8	6.86766429078197227E0
6.25999999999999979E8	6.85960826390141243E0
6.27000000000000046E8	6.85163874029806497E0
6.27999999999999936E8	6.84375586461160701E0
6.29000000000000004E8	6.83595978309402952E0
6.29999999999999982E8	6.82825064366379042E0
6.31000000000000050E8	6.82062859587981940E0
6.32000000000000028E8	6.81309379096984635E0
6.33000000000000007E8	6.80564638184125847E0
6.33999999999999986E8	6.79828652308843484E0
6.34999999999999964E8	6.79101437100220284E0
6.36000000000000032E8	6.78383008356812400E0
6.37000000000000011E8	6.77673382052244033E0
6.37999999999999989E8	6.76972574329362953E0
6.38999999999999968E8	6.76280601507491319E0
6.40000000000000036E8	6.75597480080968182E0
6.40999999999999925E8	6.74923226718559732E0
6.41999999999999993E8	6.74257858269554866E0
6.42999999999999972E8	6.73601391758297474E0
6.44000000000000039E8	6.72953844391440725E0
6.45000000000000018E8	6.72315233555523495E0
6.45999999999999908E8	6.71685576818090802E0
6.47000000000000064E8	6.71064891931399998E0
6.47999999999999954E8	6.70453196832084686E0
6.49000000000000021E8	6.69850509640739578E0
6.50000000000000000E8	6.69256848666279325E0
6.50999999999999979E8	6.68672232404602074E0
6.52000000000000046E8	6.68096679541206839E0
6.52999999999999936E8	6.67530208951664150E0
6.54000000000000092E8	6.66972839703771392E0
6.54999999999999982E8	6.66424591057766769E0
6.55999999999999961E8	6.65885482467974477E0
6.57000000000000028E8	6.65355533584815895E0
6.58000000000000007E8	6.64834764254058097E0
6.59000000000000075E8	6.64323194521186355E0
6.59999999999999964E8	6.63820844629629114E0
6.60999999999999943E8	6.63327735024303422E0
6.62000000000000011E8	6.62843886351674350E0
6.62999999999999989E8	6.62369319461373696E0
6.64000000000000057E8	6.61904055407677561E0
6.65000000000000036E8	6.61448115451191843E0
6.65999999999999925E8	6.61001521059568908E0
6.66999999999999993E8	6.60564293909118838E0
6.67999999999999972E8	6.60136455886893891E0
6.69000000000000039E8	6.59718029090503233E0
6.70000000000000018E8	6.59309035830801626E0
6.70999999999999908E8	6.58909498633304302E0
6.72000000000000064E8	6.58519440238706011E0
6.72999999999999954E8	6.58138883604956870E0
6.74000000000000021E8	6.57767851909402257E0
6.75000000000000000E8	6.57406368548819398E0
6.75999999999999979E8	6.57054457140703541E0
6.77000000000000046E8	6.56712141527628823E0
6.77999999999999936E8	6.56379445775139647E0
6.79000000000000092E8	6.56056394174825286E0
6.79999999999999982E8	6.55743011246467145E0
6.80999999999999961E8	6.55439321738237979E0
6.82000000000000028E8	6.55145350629143230E0
6.83000000000000007E8	6.54861123130729794E0
6.84000000000000075E8	6.54586664687671149E0
6.84999999999999964E8	6.54322000979341922E0
6.85999999999999943E8	6.54067157922205666E0
6.87000000000000011E8	6.53822161672897995E0
6.87999999999999989E8	6.53587038624342576E0
6.89000000000000057E8	6.53361815414116442E0
6.90000000000000036E8	6.53146518921268981E0
6.90999999999999925E8	6.52941176270497969E0
6.91999999999999993E8	6.52745814832392579E0
6.92999999999999972E8	6.52560462224338256E0
6.94000000000000039E8	6.52385146316224773E0
6.95000000000000018E8	6.52219895226112101E0
6.95999999999999908E8	6.52064737327286359E0
6.97000000000000064E8	6.51919701245697336E0
6.97999999999999954E8	6.51784815864899159E0
6.99000000000000021E8	6.51660110325767672E0
7.00000000000000000E8	6.51545614029148901E0
7.00999999999999979E8	6.51441356636577407E0
7.02000000000000046E8	6.51347368072951927E0
7.02999999999999936E8	6.51263678528180101E0
7.04000000000000092E8	6.51190318457755701E0
7.04999999999999982E8	6.51127318586093295E0
7.05999999999999961E8	6.51074709906614579E0
7.07000000000000028E8	6.51032523685005504E0
7.08000000000000007E8	6.51000791459739325E0
7.09000000000000075E8	6.50979545045166397E0
7.09999999999999964E8	6.50968816531718986E0
7.10999999999999943E8	6.50968638288196733E0
7.12000000000000011E8	6.50979042963353205E0
7.12999999999999989E8	6.51000063489845715E0
7.14000000000000057E8	6.51031733081754904E0
7.15000000000000036E8	6.51074085240302214E0
7.15999999999999925E8	6.51127153754222032E0
7.16999999999999993E8	6.51190972698955051E0
7.17999999999999972E8	6.51265576443654925E0
7.19000000000000039E8	6.51350999648534046E0
7.20000000000000018E8	6.51447277268271918E0
7.20999999999999908E8	6.51554444554471068E0
7.22000000000000064E8	6.51672537054927048E0
7.22999999999999954E8	6.51801590618927396E0
7.24000000000000021E8	6.51941641396247906E0
7.25000000000000000E8	6.52092725839687137E0
7.25999999999999979E8	6.52254880707659623E0
7.27000000000000046E8	6.52428143064997101E0
7.27999999999999936E8	6.52612550282992032E0
7.29000000000000092E8	6.52808140047311358E0
7.29999999999999982E8	6.53014950350427981E0
7.30999999999999961E8	6.53233019503138834E0
7.32000000000000028E8	6.53462386126916339E0
7.33000000000000007E8	6.53703089164177609E0
7.34000000000000075E8	6.53955167873120047E0
7.34999999999999964E8	6.54218661834110371E0
7.35999999999999943E8	6.54493610948162807E0
7.37000000000000011E8	6.54780055441658515E0
7.37999999999999989E8	6.55078035863946528E0
7.39000000000000057E8	6.55387593092330256E0
7.40000000000000036E8	6.55708768334044301E0
7.40999999999999925E8	6.56041603122922723E0
7.41999999999999993E8	6.56386139328324258E0
7.42999999999999972E8	6.56742419149460499E0
7.44000000000000039E8	6.57110485122012555E0
7.45000000000000018E8	6.57490380117673290E0
7.45999999999999908E8	6.57882147344208335E0
7.47000000000000064E8	6.58285830350695012E0
7.47999999999999954E8	6.58701473024090589E0
7.49000000000000021E8	6.59129119595098434E0
7.50000000000000000E8	6.59568814636262246E0
7.50999999999999979E8	6.60020603066537337E0
7.52000000000000046E8	6.60484530147207849E0
7.52999999999999936E8	6.60960641488977885E0
7.54000000000000092E8	6.61448983049436112E0
7.54999999999999982E8	6.61949601136882482E0
7.55999999999999961E8	6.62462542406594146E0
7.57000000000000028E8	6.62987853868349930E0
7.58000000000000007E8	6.63525582883081722E0
7.59000000000000075E8	6.64075777164047754E0
7.59999999999999964E8	6.64638484780231309E0
7.60999999999999943E8	6.65213754154496684E0
7.62000000000000011E8	6.65801634063877934E0
7.62999999999999989E8	6.66402173644268370E0
7.64000000000000057E8	6.67015422387450041E0
7.65000000000000036E8	6.67641430142519532E0
7.65999999999999925E8	6.68280247115637671E0
7.66999999999999993E8	6.68931923871773026E0
7.67999999999999972E8	6.69596511335957523E0
7.69000000000000039E8	6.70274060789733372E0
7.70000000000000018E8	6.70964623873787325E0
7.70999999999999908E8	6.71668252589927484E0
7.72000000000000064E8	6.72384999295636732E0
7.72999999999999954E8	6.73114916709712130E0
7.74000000000000021E8	6.73858057907604202E0
7.75000000000000000E8	6.74614476323912005E0
7.75999999999999979E8	6.75384225749369715E0
7.77000000000000046E8	6.76167360332430256E0
7.77999999999999936E8	6.76963934576483606E0
7.79000000000000092E8	6.77774003342871012E0
7.79999999999999982E8	6.78597621842179954E0
7.80999999999999961E8	6.79434845642150265E0
7.82000000000000028E8	6.80285730660169197E0
7.83000000000000007E8	6.81150333164193533E0
7.84000000000000075E8	6.82028709768231955E0
7.84999999999999964E8	6.82920917436356234E0
7.85999999999999943E8	6.83827013474910572E0
7.87000000000000011E8	6.84747055532227833E0
7.87999999999999989E8	6.85681101598534326E0
7.89000000000000057E8	6.86629209999292200E0
7.90000000000000036E8	6.87591439393919757E0
7.90999999999999925E8	6.88567848774681224E0
7.91999999999999993E8	6.89558497461498021E0
7.92999999999999972E8	6.90563445097574125E0
7.94000000000000039E8	6.91582751649464811E0
7.95000000000000018E8	6.92616477398491526E0
7.95999999999999908E8	6.93664682938482802E0
7.97000000000000064E8	6.94727429171969924E0
7.97999999999999954E8	6.95804777304462085E0
7.99000000000000021E8	6.96896788838758940E0
8.00000000000000000E8	6.98003525571750139E0
8.00999999999999979E8	6.99125049584377578E0
8.01999999999999957E8	7.00261423240591618E0
8.02999999999999936E8	7.01412709177330029E0
8.04000000000000092E8	7.02578970297849104E0
8.05000000000000071E8	7.03760269767728985E0
8.05999999999999872E8	7.04956671003753055E0
8.07000000000000028E8	7.06168237664430620E0
8.08000000000000007E8	7.07395033649655414E0
8.08999999999999986E8	7.08637123081443576E0
8.09999999999999964E8	7.09894570301964212E0
8.10999999999999943E8	7.11167439861060480E0
8.12000000000000099E8	7.12455796503788452E0
8.12999999999999901E8	7.13759705165642622E0
8.14000000000000057E8	7.15079230953994749E0
8.15000000000000036E8	7.16414439141228421E0
8.16000000000000014E8	7.17765395150625185E0
8.16999999999999993E8	7.19132164540957852E0
8.17999999999999972E8	7.20514812999067900E0
8.19000000000000128E8	7.21913406317021167E0
8.19999999999999929E8	7.23328010384997988E0
8.20999999999999908E8	7.24758691167669689E0
8.22000000000000064E8	7.26205514698295573E0
8.23000000000000043E8	7.27668547048673631E0
8.24000000000000021E8	7.29147854322309019E0
8.25000000000000000E8	7.30643502629826536E0
8.25999999999999979E8	7.32155558069041312E0
8.26999999999999957E8	7.33684086706802852E0
8.27999999999999936E8	7.35229154558257392E0
8.29000000000000092E8	7.36790827560998807E0
8.30000000000000071E8	7.38369171553732961E0
8.30999999999999872E8	7.39964252254169708E0
8.32000000000000028E8	7.41576135228243150E0
8.33000000000000007E8	7.43204885868677056E0
8.33999999999999986E8	7.44850569367555693E0
8.34999999999999964E8	7.46513250680640361E0
8.35999999999999943E8	7.48192994505737818E0
8.37000000000000099E8	7.49889865247222254E0
8.37999999999999901E8	7.51603926985958903E0
8.39000000000000057E8	7.53335243441688007E0
8.40000000000000036E8	7.55083877940580983E0
8.41000000000000014E8	7.56849893376739757E0
8.41999999999999993E8	7.58633352176255027E0
8.42999999999999972E8	7.60434316258635157E0
8.44000000000000128E8	7.62252846986770649E0
8.44999999999999929E8	7.64089005136768495E0
8.45999999999999908E8	7.65942850839813083E0
8.47000000000000064E8	7.67814443548829129E0
8.48000000000000043E8	7.69703841975752834E0
8.49000000000000021E8	7.71611104054635710E0
8.50000000000000000E8	7.73536286879400148E0
8.50999999999999979E8	7.75479446652025572E0
8.51999999999999957E8	7.77440638631368763E0
8.52999999999999936E8	7.79419917062025469E0
8.54000000000000092E8	7.81417335126193713E0
8.55000000000000071E8	7.83432944873606285E0
8.55999999999999872E8	7.85466797151210905E0
8.57000000000000028E8	7.87518941542846740E0
8.58000000000000007E8	7.89589426292777574E0
8.58999999999999986E8	7.91678298229939958E0
8.59999999999999964E8	7.93785602697218895E0
8.60999999999999943E8	7.95911383467111566E0
8.62000000000000099E8	7.98055682651622611E0
8.62999999999999901E8	8.00218540632276820E0
8.64000000000000057E8	8.02399995954215228E0
8.65000000000000036E8	8.04600085242965157E0
8.66000000000000014E8	8.06818843105266126E0
8.66999999999999993E8	8.09056302023433105E0
8.67999999999999972E8	8.11312492260304374E0
8.69000000000000128E8	8.13587441744276418E0
8.69999999999999929E8	8.15881175959208704E0
8.70999999999999908E8	8.18193717829512046E0
8.72000000000000064E8	8.20525087597891378E0
8.73000000000000043E8	8.22875302695781485E0
8.74000000000000021E8	8.25244377623055136E0
8.75000000000000000E8	8.27632323807292103E0
8.75999999999999979E8	8.30039149462639614E0
8.76999999999999957E8	8.32464859445782324E0
8.77999999999999936E8	8.34909455112488530E0
8.79000000000000092E8	8.37372934149645332E0
8.80000000000000071E8	8.39855290422556777E0
8.80999999999999872E8	8.42356513809455087E0
8.82000000000000028E8	8.44876590018597362E0
8.83000000000000007E8	8.47415500420951062E0
8.83999999999999986E8	8.49973221850932248E0
8.84999999999999964E8	8.52549726420600607E0
8.85999999999999943E8	8.55144981326906617E0
8.87000000000000099E8	8.57758948631422058E0
8.87999999999999901E8	8.60391585055940311E0
8.89000000000000057E8	8.63042841757474655E0
8.90000000000000036E8	8.65712664098367313E0
8.91000000000000014E8	8.68400991411683520E0
8.91999999999999993E8	8.71107756753707818E0
8.92999999999999972E8	8.73832886647760176E0
8.94000000000000128E8	8.76576300833906963E0
8.94999999999999929E8	8.79337911977808773E0
8.95999999999999908E8	8.82117625406193717E0
8.97000000000000064E8	8.84915338809621232E0
8.98000000000000043E8	8.87730941941210538E0
8.99000000000000021E8	8.90564316311871984E0
9.00000000000000000E8	8.93415334873029110E0
9.00999999999999979E8	8.96283861670272586E0
9.01999999999999957E8	8.99169751524232197E0
9.02999999999999936E8	9.02072849660999587E0
9.04000000000000092E8	9.04992991354447440E0
9.05000000000000071E8	9.07930001558787936E0
9.05999999999999872E8	9.10883694514266118E0
9.07000000000000028E8	9.13853873347977697E0
9.08000000000000007E8	9.16840329664854359E0
9.08999999999999986E8	9.19842843132382271E0
9.09999999999999964E8	9.22861181032796907E0
9.10999999999999943E8	9.25895097831303460E0
9.12000000000000099E8	9.28944334691640705E0
9.12999999999999901E8	9.32008619029265262E0
9.14000000000000057E8	9.35087663999597041E0
9.15000000000000036E8	9.38181168013294808E0
9.16000000000000014E8	9.41288814215662484E0
9.16999999999999993E8	9.44410269960338944E0
9.17999999999999972E8	9.47545186266804862E0
9.19000000000000128E8	9.50693197264153689E0
9.19999999999999929E8	9.53853919620359214E0
9.20999999999999908E8	9.57026951969323569E0
9.22000000000000064E8	9.60211874302452273E0
9.23000000000000043E8	9.63408247367815918E0
9.24000000000000021E8	9.66615612038847871E0
9.25000000000000000E8	9.69833488679505429E0
9.25999999999999979E8	9.73061376509996556E0
9.26999999999999957E8	9.76298752927375624E0
9.27999999999999936E8	9.79545072832137365E0
9.29000000000000092E8	9.82799767955646608E0
9.30000000000000071E8	9.86062246154764921E0
9.30999999999999872E8	9.89331890708590045E0
9.32000000000000028E8	9.92608059596197556E0
9.33000000000000007E8	9.95890084785302498E0
9.33999999999999986E8	9.99177271473139506E0
9.34999999999999964E8	1.00246889737648104E1
9.35999999999999943E8	1.00576421195989130E1
9.37000000000000099E8	1.00906243570257770E1
9.37999999999999901E8	1.01236275932681630E1
9.39000000000000057E8	1.01566434305840403E1
9.40000000000000036E8	1.01896631586299091E1
9.41000000000000014E8	1.02226777468955987E1
9.41999999999999993E8	1.02556778372422142E1
9.42999999999999972E8	1.02886537363721353E1
9.44000000000000128E8	1.03215954085846029E1
9.44999999999999929E8	1.03544924683437278E1
9.45999999999999908E8	1.03873341733635116E1
9.47000000000000064E8	1.04201094174573305E1
9.48000000000000043E8	1.04528067237829503E1
9.49000000000000021E8	1.04854142383623783E1
9.50000000000000000E8	1.05179197237780220E1
9.50999999999999979E8	1.05503105530546937E1
9.51999999999999957E8	1.05825737041884449E1
9.52999999999999936E8	1.06146957546454157E1
9.54000000000000092E8	1.06466628766188665E1
9.55000000000000071E8	1.06784608326793307E1
9.55999999999999872E8	1.07100749715822596E1
9.57000000000000028E8	1.07414902254575484E1
9.58000000000000007E8	1.07726911064577480E1
9.58999999999999986E8	1.08036617053292705E1
9.59999999999999964E8	1.08343856895216173E1
9.60999999999999943E8	1.08648463031307818E1
9.62000000000000099E8	1.08950263667408209E1
9.62999999999999901E8	1.09249082791096286E1
9.64000000000000057E8	1.09544740188327760E1
9.65000000000000036E8	1.09837051478582937E1
9.66000000000000014E8	1.10125828155340311E1
9.66999999999999993E8	1.10410877642186045E1
9.67999999999999972E8	1.10692003359357605E1
9.69000000000000128E8	1.10969004799044391E1
9.69999999999999929E8	1.11241677622460977E1
9.70999999999999908E8	1.11509813763790122E1
9.72000000000000064E8	1.11773201552004386E1
9.73000000000000043E8	1.12031625846905847E1
9.74000000000000021E8	1.12284868190986287E1
9.75000000000000000E8	1.12532706976329089E1
9.75999999999999979E8	1.12774917633029692E1
9.76999999999999957E8	1.13011272825010378E1
9.77999999999999936E8	1.13241542676089968E1
9.79000000000000092E8	1.13465494998836802E1
9.80000000000000071E8	1.13682895556652497E1
9.80999999999999872E8	1.13893508332708948E1
9.82000000000000028E8	1.14097095818427730E1
9.83000000000000007E8	1.14293419328253898E1
9.83999999999999986E8	1.14482239318892431E1
9.84999999999999964E8	1.14663315739134308E1
9.85999999999999943E8	1.14836408387550382E1
9.87000000000000099E8	1.15001277292308401E1
9.87999999999999901E8	1.15157683103144848E1
9.89000000000000057E8	1.15305387502279300E1
9.90000000000000036E8	1.15444153627459523E1
9.91000000000000014E8	1.15573746509084030E1
9.91999999999999993E8	1.15693933518691616E1
9.92999999999999972E8	1.15804484828790977E1
9.94000000000000128E8	1.15905173885733581E1
9.94999999999999929E8	1.15995777883621654E1
9.95999999999999908E8	1.16076078248473413E1
9.97000000000000064E8	1.16145861130331807E1
9.98000000000000043E8	1.16204917888784576E1
9.99000000000000021E8	1.16253045586829384E1
1.00000000000000000E9	1.16290047480802872E1
1.00099999999999989E9	1.16315733504497820E1
1.00200000000000000E9	1.16329920750056770E1
1.00299999999999989E9	1.16332433938021107E1
1.00400000000000000E9	1.16323105877559874E1
1.00500000000000012E9	1.16301777913927529E1
1.00599999999999978E9	1.16268300358214116E1
1.00700000000000012E9	1.16222532904130982E1
1.00800000000000001E9	1.16164345016100956E1
1.00899999999999990E9	1.16093616305286962E1
1.01000000000000001E9	1.16010236869476602E1
1.01099999999999990E9	1.15914107619499718E1
1.01200000000000001E9	1.15805140562918152E1
1.01299999999999990E9	1.15683259071206179E1
1.01400000000000001E9	1.15548398101258032E1
1.01500000000000012E9	1.15400504395713610E1
1.01600000000000001E9	1.15239536640881002E1
1.01699999999999990E9	1.15065465594251704E1
1.01800000000000002E9	1.14878274166401484E1
1.01900000000000013E9	1.14677957479544457E1
1.02000000000000002E9	1.14464522879413977E1
1.02099999999999991E9	1.14237989909472537E1
1.02200000000000002E9	1.13998390253035908E1
1.02300000000000013E9	1.13745767634275086E1
1.02400000000000002E9	1.13480177687528450E1
1.02499999999999991E9	1.13201687782120475E1
1.02600000000000002E9	1.12910376824702796E1
1.02699999999999991E9	1.12606335022281567E1
1.02800000000000002E9	1.12289663610393853E1
1.02900000000000014E9	1.11960474558269940E1
1.03000000000000003E9	1.11618890242245561E1
1.03099999999999992E9	1.11265043092703131E1
1.03200000000000003E9	1.10899075218392773E1
1.03299999999999992E9	1.10521138007774455E1
1.03400000000000003E9	1.10131391711270510E1
1.03499999999999992E9	1.09730005004834119E1
1.03600000000000003E9	1.09317154542149786E1
1.03700000000000014E9	1.08893024488520740E1
1.03799999999999981E9	1.08457806049286143E1
1.03900000000000015E9	1.08011696988167016E1
1.04000000000000004E9	1.07554901140715331E1
1.04099999999999993E9	1.07087627923321227E1
1.04200000000000004E9	1.06610091844712951E1
1.04299999999999993E9	1.06122512011135650E1
1.04400000000000004E9	1.05625111642918901E1
1.04499999999999993E9	1.05118117590581872E1
1.04599999999999982E9	1.04601759857815457E1
1.04700000000000015E9	1.04076271136445242E1
1.04800000000000004E9	1.03541886347981293E1
1.04899999999999993E9	1.02998842195795937E1
1.05000000000000004E9	1.02447376733048712E1
1.05099999999999993E9	1.01887728941720579E1
1.05200000000000005E9	1.01320138328380693E1
1.05299999999999994E9	1.00744844532099731E1
1.05400000000000005E9	1.00162086951833063E1
1.05500000000000016E9	9.95721043900649150E0
1.05599999999999983E9	9.89751347122269465E0
1.05699999999999994E9	9.83714145241603788E0
1.05800000000000005E9	9.77611788705110207E0
1.05899999999999994E9	9.71446609442690523E0
1.06000000000000005E9	9.65220918235926284E0
1.06099999999999994E9	9.58937002179801112E0
1.06200000000000006E9	9.52597122368889160E0
1.06299999999999994E9	9.46203511760021421E0
1.06400000000000006E9	9.39758373178879403E0
1.06499999999999995E9	9.33263877537493869E0
1.06600000000000006E9	9.26722162175614628E0
1.06699999999999995E9	9.20135329391173329E0
1.06800000000000006E9	9.13505445109432479E0
1.06900000000000017E9	9.06834537711140598E0
1.06999999999999984E9	9.00124597010408856E0
1.07099999999999995E9	8.93377573359982691E0
1.07200000000000006E9	8.86595376871527385E0
1.07299999999999995E9	8.79779876822976803E0
1.07400000000000007E9	8.72932901126242911E0
1.07499999999999996E9	8.66056235899824500E0
1.07600000000000007E9	8.59151625232508742E0
1.07699999999999996E9	8.52220770945509898E0
1.07799999999999985E9	8.45265332522884982E0
1.07900000000000018E9	8.38286927092410394E0
1.08000000000000007E9	8.31287129498119626E0
1.08099999999999996E9	8.24267472462766015E0
1.08200000000000007E9	8.17229446794601344E0
1.08299999999999996E9	8.10174501687021120E0
1.08400000000000007E9	8.03104045063120786E0
1.08499999999999996E9	7.96019443974458163E0
1.08599999999999985E9	7.88922025056275444E0
1.08700000000000019E9	7.81813075031318139E0
1.08799999999999986E9	7.74693841232677283E0
1.08899999999999997E9	7.67565532194675804E0
1.09000000000000008E9	7.60429318255890330E0
1.09099999999999997E9	7.53286332194532093E0
1.09200000000000008E9	7.46137669883156285E0
1.09299999999999997E9	7.38984390990253459E0
1.09400000000000008E9	7.31827519655416658E0
1.09499999999999997E9	7.24668045226248392E0
1.09599999999999986E9	7.17506922989454754E0
1.09699999999999998E9	7.10345074890314176E0
1.09800000000000009E9	7.03183390294305344E0
1.09899999999999998E9	6.96022726734196961E0
1.10000000000000009E9	6.88863910672636415E0
1.10099999999999998E9	6.81707738252019269E0
1.10199999999999987E9	6.74554976040374754E0
1.10299999999999998E9	6.67406361809611681E0
1.10400000000000009E9	6.60262605258690094E0
1.10499999999999998E9	6.53124388781571330E0
1.10599999999999987E9	6.45992368189735089E0
1.10699999999999998E9	6.38867173455524195E0
1.10800000000000010E9	6.31749409424417596E0
1.10899999999999999E9	6.24639656536807752E0
1.10999999999999988E9	6.17538471533301436E0
1.11099999999999999E9	6.10446388141711704E0
1.11200000000000010E9	6.03363917765954128E0
1.11299999999999999E9	5.96291550152033967E0
1.11400000000000010E9	5.89229754049684118E0
1.11499999999999999E9	5.82178977860442615E0
1.11600000000000010E9	5.75139650255890267E0
1.11699999999999999E9	5.68112180821247925E0
1.11799999999999988E9	5.61096960640388165E0
1.11900000000000022E9	5.54094362905492410E0
1.11999999999999988E9	5.47104743480830624E0
1.12100000000000000E9	5.40128441481829835E0
1.12200000000000011E9	5.33165779816978613E0
1.12300000000000000E9	5.26217065731715472E0
1.12400000000000011E9	5.19282591332856214E0
1.12500000000000000E9	5.12362634094442804E0
1.12599999999999989E9	5.05457457364415141E0
1.12700000000000000E9	4.98567310836673272E0
1.12799999999999989E9	4.91692431034705280E0
1.12900000000000000E9	4.84833041754969862E0
1.13000000000000012E9	4.77989354526934562E0
1.13099999999999978E9	4.71161569034102534E0
1.13200000000000012E9	4.64349873539762203E0
1.13300000000000001E9	4.57554445289679279E0
1.13399999999999990E9	4.50775450909782371E0
1.13500000000000001E9	4.44013046790984323E0
1.13599999999999990E9	4.37267379456405703E0
1.13700000000000001E9	4.30538585932346685E0
1.13799999999999990E9	4.23826794075976387E0
1.13900000000000001E9	4.17132122941211936E0
1.14000000000000012E9	4.10454683086020644E0
1.14100000000000001E9	4.03794576897352364E0
1.14199999999999990E9	3.97151898896888600E0
1.14300000000000002E9	3.90526736043286959E0
1.14400000000000013E9	3.83919168011319867E0
1.14500000000000002E9	3.77329267472606666E0
1.14599999999999991E9	3.70757100376417448E0
1.14700000000000002E9	3.64202726190477133E0
1.14800000000000013E9	3.57666198166983751E0
1.14900000000000002E9	3.51147563582293820E0
1.14999999999999991E9	3.44646863970061235E0
1.15100000000000002E9	3.38164135350446671E0
1.15199999999999991E9	3.31699408448859856E0
1.15300000000000002E9	3.25252708907172305E0
1.15400000000000014E9	3.18824057492146773E0
1.15500000000000003E9	3.12413470289512496E0
1.15599999999999992E9	3.06020958896583206E0
1.15700000000000003E9	2.99646530603886019E0
1.15799999999999992E9	2.93290188578848632E0
1.15900000000000003E9	2.86951932033284685E0
1.15999999999999992E9	2.80631756390260545E0
1.16100000000000003E9	2.74329653439286769E0
1.16200000000000014E9	2.68045611503327752E0
1.16299999999999981E9	2.61779615573792812E0
1.16400000000000015E9	2.55531647461998546E0
1.16500000000000004E9	2.49301685932620831E0
1.16599999999999993E9	2.43089706844309461E0
1.16700000000000004E9	2.36895683273601820E0
1.16799999999999993E9	2.30719585634322888E0
1.16900000000000004E9	2.24561381808926974E0
1.16999999999999993E9	2.18421037254765338E0
1.17099999999999982E9	2.12298515114933073E0
1.17200000000000015E9	2.06193776334390133E0
1.17300000000000004E9	2.00106779751147368E0
1.17399999999999993E9	1.94037482205875889E0
1.17500000000000004E9	1.87985838630135449E0
1.17599999999999993E9	1.81951802144474639E0
1.17700000000000005E9	1.75935324143960159E0
1.17799999999999994E9	1.69936354383542398E0
1.17900000000000005E9	1.63954841061336509E0
1.18000000000000016E9	1.57990730900087728E0
1.18099999999999983E9	1.52043969219869868E0
1.18199999999999994E9	1.46114500013440995E0
1.18300000000000005E9	1.40202266017016575E0
1.18399999999999994E9	1.34307208779785459E0
1.18500000000000005E9	1.28429268724828405E0
1.18599999999999994E9	1.22568385216885556E0
1.18700000000000006E9	1.16724496624879470E0
1.18799999999999994E9	1.10897540371242864E0
1.18900000000000006E9	1.05087452997428099E0
1.18999999999999995E9	9.92941702133690640E-1
1.19100000000000006E9	9.35176269505573998E-1
1.19199999999999995E9	8.77577574116548043E-1
1.19300000000000006E9	8.20144951169116077E-1
1.19400000000000017E9	7.62877729554531037E-1
1.19499999999999984E9	7.05775232262933372E-1
1.19599999999999995E9	6.48836776749980171E-1
1.19700000000000006E9	5.92061675503919460E-1
1.19799999999999995E9	5.35449236247722649E-1
1.19900000000000007E9	4.78998762460889882E-1
1.19999999999999996E9	4.22709553697617491E-1
1.20100000000000007E9	3.66580905905247967E-1
1.20199999999999996E9	3.10612111804384927E-1
1.20299999999999985E9	2.54802461190234197E-1
1.20400000000000018E9	1.99151241208688101E-1
1.20500000000000007E9	1.43657736756062571E-1
1.20599999999999996E9	8.83212306175879291E-2
1.20700000000000007E9	3.31410038482211133E-2
1.20799999999999996E9	-2.18836639723766879E-2
1.20900000000000007E9	-7.67534945654167089E-2
1.20999999999999996E9	-1.31469210632228384E-1
1.21099999999999985E9	-1.86031535666346937E-1
1.21200000000000019E9	-2.40441193707809209E-1
1.21299999999999986E9	-2.94698909162239442E-1
1.21399999999999997E9	-3.48805406585924072E-1
1.21500000000000008E9	-4.02761410448477797E-1
1.21599999999999997E9	-4.56567645040701020E-1
1.21700000000000008E9	-5.10224834197909161E-1
1.21799999999999997E9	-5.63733701208983895E-1
1.21900000000000008E9	-6.17094968599801064E-1
1.21999999999999997E9	-6.70309358002350741E-1
1.22099999999999986E9	-7.23377589998003412E-1
1.22199999999999998E9	-7.76300384003164368E-1
1.22300000000000009E9	-8.29078458081662539E-1
1.22399999999999998E9	-8.81712528864226286E-1
1.22500000000000009E9	-9.34203311397693170E-1
1.22599999999999998E9	-9.86551519033137936E-1
1.22699999999999987E9	-1.03875786333749254E0
1.22799999999999998E9	-1.09082305395037116E0
1.22900000000000009E9	-1.14274779849143404E0
1.22999999999999998E9	-1.19453280248582416E0
1.23099999999999987E9	-1.24617876924813387E0
1.23199999999999998E9	-1.29768639981133704E0
1.23300000000000010E9	-1.34905639282600287E0
1.23399999999999999E9	-1.40028944450919623E0
1.23499999999999988E9	-1.45138624854071030E0
1.23599999999999999E9	-1.50234749599651107E0
1.23700000000000010E9	-1.55317387531762652E0
1.23799999999999999E9	-1.60386607219067034E0
1.23900000000000010E9	-1.65442476951752426E0
1.23999999999999999E9	-1.70485064738935521E0
1.24100000000000010E9	-1.75514438296068720E0
1.24199999999999999E9	-1.80530665046174676E0
1.24299999999999988E9	-1.85533812111908469E0
1.24400000000000022E9	-1.90523946313629255E0
1.24499999999999988E9	-1.95501134163016421E0
1.24600000000000000E9	-2.00465441858808635E0
1.24700000000000011E9	-2.05416935285665581E0
1.24800000000000000E9	-2.10355680007937007E0
1.24900000000000011E9	-2.15281741270252969E0
1.25000000000000000E9	-2.20195183989932808E0
1.25099999999999989E9	-2.25096072756926269E0
1.25200000000000000E9	-2.29984471832776194E0
1.25299999999999989E9	-2.34860445144272578E0
1.25400000000000000E9	-2.39724056284595388E0
1.25500000000000012E9	-2.44575368510504854E0
1.25599999999999978E9	-2.49414444741270769E0
1.25700000000000012E9	-2.54241347553326857E0
1.25800000000000001E9	-2.59056139185279122E0
1.25899999999999990E9	-2.63858881530264178E0
1.26000000000000001E9	-2.68649636140675607E0
1.26099999999999990E9	-2.73428464221791945E0
1.26200000000000001E9	-2.78195426634436016E0
1.26299999999999990E9	-2.82950583893823548E0
1.26400000000000001E9	-2.87693996166672461E0
1.26500000000000012E9	-2.92425723275302873E0
1.26600000000000001E9	-2.97145824691699101E0
1.26699999999999990E9	-3.01854359541828421E0
1.26800000000000002E9	-3.06551386604770704E0
1.26900000000000013E9	-3.11236964309624442E0
1.27000000000000002E9	-3.15911150738914159E0
1.27099999999999991E9	-3.20574003627485071E0
1.27200000000000002E9	-3.25225580363744715E0
1.27300000000000013E9	-3.29865937988419056E0
1.27400000000000002E9	-3.34495133196276662E0
1.27499999999999991E9	-3.39113222336904441E0
1.27600000000000002E9	-3.43720261412784067E0
1.27699999999999991E9	-3.48316306083796068E0
1.27800000000000002E9	-3.52901411664924547E0
1.27900000000000014E9	-3.57475633129110015E0
1.28000000000000003E9	-3.62039025106234602E0
1.28099999999999992E9	-3.66591641886546027E0
1.28199999999999981E9	-3.71133537418499326E0
1.28300000000000014E9	-3.75664765311683846E0
1.28400000000000003E9	-3.80185378839032584E0
1.28499999999999992E9	-3.84695430935183547E0
1.28600000000000003E9	-3.89194974200079713E0
1.28699999999999992E9	-3.93684060898913124E0
1.28800000000000003E9	-3.98162742963760952E0
1.28900000000000015E9	-4.02631071995258871E0
1.29000000000000004E9	-4.07089099262683973E0
1.29099999999999993E9	-4.11536875707844807E0
1.29199999999999982E9	-4.15974451943245693E0
1.29300000000000015E9	-4.20401878257060435E0
1.29400000000000004E9	-4.24819204611007883E0
1.29499999999999993E9	-4.29226480644631625E0
1.29599999999999982E9	-4.33623755676783862E0
1.29699999999999993E9	-4.38011078704820722E0
1.29800000000000004E9	-4.42388498408212261E0
1.29899999999999993E9	-4.46756063149203264E0
1.30000000000000004E9	-4.51113820976053148E0
1.30099999999999993E9	-4.55461819623841091E0
1.30200000000000005E9	-4.59800106513239726E0
1.30300000000000016E9	-4.64128728758245934E0
1.30400000000000005E9	-4.68447733160660107E0
1.30500000000000016E9	-4.72757166219878933E0
1.30599999999999983E9	-4.77057074127221181E0
1.30699999999999994E9	-4.81347502772101876E0
1.30800000000000027E9	-4.85628497741618315E0
1.30899999999999994E9	-4.89900104324622454E0
1.31000000000000005E9	-4.94162367511202394E0
1.31099999999999994E9	-4.98415331995432354E0
1.31199999999999983E9	-5.02659042176737358E0
1.31300000000000017E9	-5.06893542163419930E0
1.31400000000000006E9	-5.11118875771318759E0
1.31499999999999995E9	-5.15335086529146924E0
1.31600000000000006E9	-5.19542217676210605E0
1.31699999999999973E9	-5.23740312169937638E0
1.31800000000000006E9	-5.27929412681007371E0
1.31900000000000017E9	-5.32109561600571546E0
1.31999999999999984E9	-5.36280801039448196E0
1.32099999999999995E9	-5.40443172830742036E0
1.32199999999999984E9	-5.44596718531156210E0
1.32299999999999995E9	-5.48741479422999667E0
1.32400000000000007E9	-5.52877496516341616E0
1.32499999999999996E9	-5.57004810551026708E0
1.32600000000000007E9	-5.61123461997200934E0
1.32699999999999996E9	-5.65233491058506399E0
1.32800000000000007E9	-5.69334937674194563E0
1.32900000000000018E9	-5.73427841519243131E0
1.33000000000000007E9	-5.77512242006231968E0
1.33099999999999996E9	-5.81588178290117686E0
1.33199999999999985E9	-5.85655689266534729E0
1.33300000000000018E9	-5.89714813574863417E0
1.33400000000000007E9	-5.93765589601535027E0
1.33499999999999996E9	-5.97808055478264233E0
1.33599999999999985E9	-6.01842249088147963E0
1.33699999999999997E9	-6.05868208063767533E0
1.33800000000000008E9	-6.09885969791388582E0
1.33899999999999997E9	-6.13895571411308349E0
1.34000000000000008E9	-6.17897049819895994E0
1.34099999999999997E9	-6.21890441672340888E0
1.34199999999999986E9	-6.25875783383284645E0
1.34300000000000019E9	-6.29853111127888354E0
1.34400000000000008E9	-6.33822460846507152E0
1.34499999999999997E9	-6.37783868242854979E0
1.34599999999999986E9	-6.41737368787936635E0
1.34699999999999998E9	-6.45682997720585661E0
1.34800000000000009E9	-6.49620790050694286E0
1.34899999999999998E9	-6.53550780558593658E0
1.35000000000000009E9	-6.57473003799763944E0
1.35099999999999998E9	-6.61387494102374429E0
1.35199999999999987E9	-6.65294285574327038E0
1.35300000000000020E9	-6.69193412099204021E0
1.35400000000000009E9	-6.73084907341685135E0
1.35499999999999998E9	-6.76968804748908770E0
1.35599999999999987E9	-6.80845137549271584E0
1.35699999999999976E9	-6.84713938758869922E0
1.35800000000000010E9	-6.88575241177536856E0
1.35899999999999999E9	-6.92429077395299153E0
1.35999999999999988E9	-6.96275479790393081E0
1.36099999999999999E9	-7.00114480533214323E0
1.36199999999999988E9	-7.03946111586020518E0
1.36299999999999999E9	-7.07770404706916345E0
1.36400000000000010E9	-7.11587391448478535E0
1.36499999999999999E9	-7.15397103161388603E0
1.36600000000000010E9	-7.19199570995322013E0
1.36699999999999977E9	-7.22994825900677007E0
1.36800000000000010E9	-7.26782898628658458E0
1.36900000000000022E9	-7.30563819735079001E0
1.36999999999999988E9	-7.34337619580780032E0
1.37100000000000000E9	-7.38104328332240733E0
1.37199999999999989E9	-7.41863975964155919E0
1.37300000000000000E9	-7.45616592261170030E0
1.37400000000000011E9	-7.49362206817574439E0
1.37500000000000000E9	-7.53100849040774811E0
1.37599999999999989E9	-7.56832548151853768E0
1.37700000000000000E9	-7.60557333186118978E0
1.37800000000000011E9	-7.64275232996561193E0
1.37900000000000000E9	-7.67986276252754063E0
1.38000000000000012E9	-7.71690491444449922E0
1.38099999999999978E9	-7.75387906881442213E0
1.38199999999999990E9	-7.79078550695934169E0
1.38300000000000023E9	-7.82762450843063817E0
1.38399999999999990E9	-7.86439635102693568E0
1.38500000000000001E9	-7.90110131081277789E0
1.38599999999999990E9	-7.93773966211458326E0
1.38700000000000001E9	-7.97431167755609671E0
1.38800000000000012E9	-8.01081762805575792E0
1.38900000000000001E9	-8.04725778284250026E0
1.39000000000000012E9	-8.08363240947304007E0
1.39100000000000001E9	-8.11994177383902915E0
1.39199999999999990E9	-8.15618614018842969E0
1.39300000000000024E9	-8.19236577112528330E0
1.39400000000000013E9	-8.22848092763418393E0
1.39500000000000002E9	-8.26453186907830606E0
1.39599999999999991E9	-8.30051885324209771E0
1.39699999999999980E9	-8.33644213629592024E0
1.39800000000000013E9	-8.37230197284810806E0
1.39900000000000002E9	-8.40809861594436292E0
1.39999999999999991E9	-8.44383231707380233E0
1.40100000000000002E9	-8.47950332618427005E0
1.40199999999999991E9	-8.51511189170445171E0
1.40300000000000002E9	-8.55065826053092337E0
1.40400000000000014E9	-8.58614267806709641E0
1.40500000000000003E9	-8.62156538821973584E0
1.40599999999999992E9	-8.65692663340824531E0
1.40699999999999981E9	-8.69222665458631205E0
1.40800000000000014E9	-8.72746569124001503E0
1.40900000000000003E9	-8.76264398141429623E0
1.40999999999999992E9	-8.79776176171225899E0
1.41100000000000003E9	-8.83281926730614053E0
1.41199999999999992E9	-8.86781673195435971E0
1.41300000000000003E9	-8.90275438801265473E0
1.41400000000000015E9	-8.93763246643374032E0
1.41500000000000004E9	-8.97245119678613534E0
1.41599999999999993E9	-9.00721080727710799E0
1.41699999999999982E9	-9.04191152473018889E0
1.41800000000000015E9	-9.07655357463011470E0
1.41900000000000004E9	-9.11113718110760651E0
1.41999999999999993E9	-9.14566256696292612E0
1.42099999999999982E9	-9.18012995367812934E0
1.42199999999999993E9	-9.21453956141337827E0
1.42300000000000004E9	-9.24889160903054197E0
1.42399999999999993E9	-9.28318631409402784E0
1.42500000000000004E9	-9.31742389288441153E0
1.42599999999999993E9	-9.35160456040859422E0
1.42700000000000005E9	-9.38572853040825272E0
1.42800000000000016E9	-9.41979601536401212E0
1.42900000000000005E9	-9.45380722651929162E0
1.43000000000000016E9	-9.48776237387260402E0
1.43099999999999983E9	-9.52166166619865173E0
1.43199999999999994E9	-9.55550531104520573E0
1.43300000000000027E9	-9.58929351476245095E0
1.43399999999999994E9	-9.62302648249465342E0
1.43500000000000005E9	-9.65670441818955716E0
1.43599999999999994E9	-9.69032752461576763E0
1.43699999999999983E9	-9.72389600336649096E0
1.43800000000000017E9	-9.75741005487082447E0
1.43900000000000006E9	-9.79086987839703227E0
1.43999999999999995E9	-9.82427567207329844E0
1.44100000000000006E9	-9.85762763287708665E0
1.44199999999999973E9	-9.89092595666187080E0
1.44300000000000006E9	-9.92417083815193735E0
1.44400000000000017E9	-9.95736247096388460E0
1.44499999999999984E9	-9.99050104759601076E0
1.44599999999999995E9	-1.00235867594614936E1
1.44699999999999984E9	-1.00566197968762427E1
1.44799999999999995E9	-1.00896003490727248E1
1.44900000000000007E9	-1.01225286042096263E1
1.44999999999999996E9	-1.01554047493723587E1
1.45100000000000007E9	-1.01882289706001217E1
1.45199999999999996E9	-1.02210014528800497E1
1.45300000000000007E9	-1.02537223801382016E1
1.45400000000000018E9	-1.02863919352802280E1
1.45500000000000007E9	-1.03190103001811084E1
1.45599999999999996E9	-1.03515776556936445E1
1.45699999999999985E9	-1.03840941816528964E1
1.45800000000000018E9	-1.04165600568899852E1
1.45900000000000007E9	-1.04489754592409256E1
1.45999999999999996E9	-1.04813405655479475E1
1.46099999999999985E9	-1.05136555516628971E1
1.46199999999999997E9	-1.05459205924669375E1
1.46300000000000008E9	-1.05781358618681365E1
1.46399999999999997E9	-1.06103015328131400E1
1.46500000000000008E9	-1.06424177772907047E1
1.46599999999999997E9	-1.06744847663340559E1
1.46699999999999986E9	-1.07065026700445820E1
1.46800000000000019E9	-1.07384716575794981E1
1.46900000000000008E9	-1.07703918971704837E1
1.46999999999999997E9	-1.08022635561219960E1
1.47099999999999986E9	-1.08340868008310887E1
1.47199999999999998E9	-1.08658617967761195E1
1.47300000000000009E9	-1.08975887085351597E1
1.47399999999999998E9	-1.09292676997907612E1
1.47500000000000009E9	-1.09608989333369644E1
1.47599999999999998E9	-1.09924825710765206E1
1.47699999999999987E9	-1.10240187740456896E1
1.47800000000000020E9	-1.10555077023975556E1
1.47900000000000009E9	-1.10869495154270870E1
1.47999999999999998E9	-1.11183443715680186E1
1.48099999999999987E9	-1.11496924284009014E1
1.48199999999999976E9	-1.11809938426623678E1
1.48300000000000010E9	-1.12122487702374163E1
1.48399999999999999E9	-1.12434573661906989E1
1.48499999999999988E9	-1.12746197847453455E1
1.48599999999999999E9	-1.13057361793084055E1
1.48699999999999988E9	-1.13368067024633667E1
1.48799999999999999E9	-1.13678315059867141E1
1.48900000000000010E9	-1.13988107408438366E1
1.48999999999999999E9	-1.14297445572074663E1
1.49100000000000010E9	-1.14606331044404341E1
1.49199999999999977E9	-1.14914765311316236E1
1.49300000000000010E9	-1.15222749850788331E1
1.49400000000000022E9	-1.15530286133004312E1
1.49499999999999988E9	-1.15837375620418292E1
1.49600000000000000E9	-1.16144019767822360E1
1.49699999999999989E9	-1.16450220022350015E1
1.49800000000000000E9	-1.16755977823587864E1
1.49900000000000011E9	-1.17061294603633614E1
1.50000000000000000E9	-1.17366171787028972E1


