freq	dB(S(1,1))
5.00000000000000000E8	-2.81028870091086613E0
5.00999999999999979E8	-2.81300612119381377E0
5.02000000000000046E8	-2.81571435874130405E0
5.02999999999999936E8	-2.81841349337469804E0
5.04000000000000004E8	-2.82110360454508768E0
5.04999999999999982E8	-2.82378477133644612E0
5.06000000000000050E8	-2.82645707243474398E0
5.07000000000000028E8	-2.82912058618980300E0
5.08000000000000007E8	-2.83177539055760930E0
5.08999999999999986E8	-2.83442156314118066E0
5.09999999999999964E8	-2.83705918117182998E0
5.11000000000000032E8	-2.83968832151935580E0
5.12000000000000011E8	-2.84230906068815958E0
5.12999999999999989E8	-2.84492147482477176E0
5.13999999999999968E8	-2.84752563972218731E0
5.15000000000000036E8	-2.85012163079694281E0
5.16000000000000014E8	-2.85270952313283432E0
5.16999999999999993E8	-2.85528939144599603E0
5.17999999999999972E8	-2.85786131010957911E0
5.18999999999999950E8	-2.86042535313413770E0
5.20000000000000018E8	-2.86298159419137033E0
5.20999999999999996E8	-2.86553010660085095E0
5.22000000000000064E8	-2.86807096334396538E0
5.22999999999999954E8	-2.87060423705462409E0
5.24000000000000021E8	-2.87313000001731211E0
5.25000000000000000E8	-2.87564832418778460E0
5.25999999999999979E8	-2.87815928118115227E0
5.27000000000000046E8	-2.88066294227852104E0
5.27999999999999936E8	-2.88315937841078096E0
5.29000000000000004E8	-2.88564866020183075E0
5.29999999999999982E8	-2.88813085793208701E0
5.31000000000000050E8	-2.89060604154167633E0
5.32000000000000028E8	-2.89307428066751848E0
5.33000000000000007E8	-2.89553564460077739E0
5.33999999999999986E8	-2.89799020232384974E0
5.34999999999999964E8	-2.90043802248582461E0
5.36000000000000032E8	-2.90287917342775081E0
5.37000000000000011E8	-2.90531372317032321E0
5.37999999999999989E8	-2.90774173940672886E0
5.38999999999999968E8	-2.91016328952740899E0
5.40000000000000036E8	-2.91257844061915172E0
5.41000000000000014E8	-2.91498725943200299E0
5.41999999999999993E8	-2.91738981243746531E0
5.42999999999999972E8	-2.91978616578142436E0
5.43999999999999950E8	-2.92217638532024715E0
5.45000000000000018E8	-2.92456053658477888E0
5.45999999999999996E8	-2.92693868483058184E0
5.47000000000000064E8	-2.92931089500036901E0
5.47999999999999954E8	-2.93167723174497041E0
5.49000000000000021E8	-2.93403775940972045E0
5.50000000000000000E8	-2.93639254206484601E0
5.50999999999999979E8	-2.93874164348051092E0
5.52000000000000046E8	-2.94108512713296832E0
5.52999999999999936E8	-2.94342305621826617E0
5.54000000000000004E8	-2.94575549363936817E0
5.54999999999999982E8	-2.94808250202490818E0
5.56000000000000050E8	-2.95040414371412840E0
5.57000000000000028E8	-2.95272048076806959E0
5.58000000000000007E8	-2.95503157498120617E0
5.58999999999999986E8	-2.95733748785145778E0
5.59999999999999964E8	-2.95963828061163570E0
5.61000000000000032E8	-2.96193401423387526E0
5.62000000000000011E8	-2.96422474939407010E0
5.62999999999999989E8	-2.96651054653015134E0
5.63999999999999968E8	-2.96879146578541464E0
5.65000000000000036E8	-2.97106756705358510E0
5.66000000000000014E8	-2.97333890996228645E0
5.66999999999999993E8	-2.97560555387918857E0
5.67999999999999972E8	-2.97786755790573077E0
5.68999999999999950E8	-2.98012498089314448E0
5.70000000000000018E8	-2.98237788143270954E0
5.70999999999999996E8	-2.98462631786642163E0
5.72000000000000064E8	-2.98687034827166897E0
5.72999999999999954E8	-2.98911003049331425E0
5.74000000000000021E8	-2.99134542211500243E0
5.75000000000000000E8	-2.99357658047339292E0
5.75999999999999979E8	-2.99580356267257208E0
5.77000000000000046E8	-2.99802642554908472E0
5.77999999999999936E8	-3.00024522572789198E0
5.79000000000000004E8	-3.00246001956921216E0
5.79999999999999982E8	-3.00467086320627796E0
5.81000000000000050E8	-3.00687781254201481E0
5.82000000000000028E8	-3.00908092323243670E0
5.83000000000000007E8	-3.01128025070780181E0
5.83999999999999986E8	-3.01347585015933506E0
5.84999999999999964E8	-3.01566777656386398E0
5.86000000000000032E8	-3.01785608465573763E0
5.87000000000000011E8	-3.02004082895258819E0
5.87999999999999989E8	-3.02222206374619651E0
5.88999999999999968E8	-3.02439984310493237E0
5.90000000000000036E8	-3.02657422087102823E0
5.91000000000000014E8	-3.02874525067584210E0
5.91999999999999993E8	-3.03091298592253811E0
5.92999999999999972E8	-3.03307747982276821E0
5.93999999999999950E8	-3.03523878534499536E0
5.95000000000000018E8	-3.03739695525643016E0
5.95999999999999996E8	-3.03955204211799446E0
5.97000000000000064E8	-3.04170409827513666E0
5.97999999999999954E8	-3.04385317587285886E0
5.99000000000000021E8	-3.04599932684061203E0
6.00000000000000000E8	-3.04814260291533801E0
6.00999999999999979E8	-3.05028305561868995E0
6.02000000000000046E8	-3.05242073628037947E0
6.02999999999999936E8	-3.05455569602886268E0
6.04000000000000004E8	-3.05668798579011103E0
6.04999999999999982E8	-3.05881765629953062E0
6.06000000000000050E8	-3.06094475808602207E0
6.07000000000000028E8	-3.06306934151374000E0
6.08000000000000007E8	-3.06519145672183502E0
6.08999999999999986E8	-3.06731115367685714E0
6.09999999999999964E8	-3.06942848214958985E0
6.11000000000000032E8	-3.07154349173743313E0
6.12000000000000011E8	-3.07365623183273140E0
6.12999999999999989E8	-3.07576675166064994E0
6.13999999999999968E8	-3.07787510025167688E0
6.15000000000000036E8	-3.07998132646237543E0
6.16000000000000014E8	-3.08208547897075036E0
6.16999999999999993E8	-3.08418760627179500E0
6.17999999999999972E8	-3.08628775668768052E0
6.18999999999999950E8	-3.08838597836684681E0
6.20000000000000018E8	-3.09048231927373118E0
6.20999999999999996E8	-3.09257682721547589E0
6.22000000000000064E8	-3.09466954981520459E0
6.22999999999999954E8	-3.09676053453671152E0
6.24000000000000021E8	-3.09884982867910841E0
6.25000000000000000E8	-3.10093747935760566E0
6.25999999999999979E8	-3.10302353353693405E0
6.27000000000000046E8	-3.10510803801857804E0
6.27999999999999936E8	-3.10719103943402164E0
6.29000000000000004E8	-3.10927258425925856E0
6.29999999999999982E8	-3.11135271880771791E0
6.31000000000000050E8	-3.11343148923564472E0
6.32000000000000028E8	-3.11550894155388614E0
6.33000000000000007E8	-3.11758512159508561E0
6.33999999999999986E8	-3.11966007505186171E0
6.34999999999999964E8	-3.12173384747443272E0
6.36000000000000032E8	-3.12380648423771445E0
6.37000000000000011E8	-3.12587803058553426E0
6.37999999999999989E8	-3.12794853160517849E0
6.38999999999999968E8	-3.13001803224666242E0
6.40000000000000036E8	-3.13208657729075046E0
6.40999999999999925E8	-3.13415421139684724E0
6.41999999999999993E8	-3.13622097907363839E0
6.42999999999999972E8	-3.13828692468429793E0
6.44000000000000039E8	-3.14035209245737601E0
6.45000000000000018E8	-3.14241652647255387E0
6.45999999999999908E8	-3.14448027068106750E0
6.47000000000000064E8	-3.14654336889139596E0
6.47999999999999954E8	-3.14860586478003857E0
6.49000000000000021E8	-3.15066780188569595E0
6.50000000000000000E8	-3.15272922361393171E0
6.50999999999999979E8	-3.15479017323968591E0
6.52000000000000046E8	-3.15685069390258999E0
6.52999999999999936E8	-3.15891082862558070E0
6.54000000000000092E8	-3.16097062028265796E0
6.54999999999999982E8	-3.16303011163758452E0
6.55999999999999961E8	-3.16508934532526442E0
6.57000000000000028E8	-3.16714836384997511E0
6.58000000000000007E8	-3.16920720959689550E0
6.59000000000000075E8	-3.17126592482071334E0
6.59999999999999964E8	-3.17332455166129845E0
6.60999999999999943E8	-3.17538313215087475E0
6.62000000000000011E8	-3.17744170817220573E0
6.62999999999999989E8	-3.17950032151465223E0
6.64000000000000057E8	-3.18155901384972140E0
6.65000000000000036E8	-3.18361782671473525E0
6.65999999999999925E8	-3.18567680155390764E0
6.66999999999999993E8	-3.18773597968311995E0
6.67999999999999972E8	-3.18979540231715886E0
6.69000000000000039E8	-3.19185511055039939E0
6.70000000000000018E8	-3.19391514536424115E0
6.70999999999999908E8	-3.19597554764498604E0
6.72000000000000064E8	-3.19803635816488629E0
6.72999999999999954E8	-3.20009761757936495E0
6.74000000000000021E8	-3.20215936644645272E0
6.75000000000000000E8	-3.20422164522414965E0
6.75999999999999979E8	-3.20628449425450546E0
6.77000000000000046E8	-3.20834795379519910E0
6.77999999999999936E8	-3.21041206397946599E0
6.79000000000000092E8	-3.21247686485165751E0
6.79999999999999982E8	-3.21454239635335881E0
6.80999999999999961E8	-3.21660869834180918E0
6.82000000000000028E8	-3.21867581055000151E0
6.83000000000000007E8	-3.22074377263481004E0
6.84000000000000075E8	-3.22281262415054215E0
6.84999999999999964E8	-3.22488240455117303E0
6.85999999999999943E8	-3.22695315321633158E0
6.87000000000000011E8	-3.22902490940661968E0
6.87999999999999989E8	-3.23109771231364595E0
6.89000000000000057E8	-3.23317160102012391E0
6.90000000000000036E8	-3.23524661452949758E0
6.90999999999999925E8	-3.23732279175531712E0
6.91999999999999993E8	-3.23940017152489546E0
6.92999999999999972E8	-3.24147879256595672E0
6.94000000000000039E8	-3.24355869353877901E0
6.95000000000000018E8	-3.24563991299616372E0
6.95999999999999908E8	-3.24772248943499386E0
6.97000000000000064E8	-3.24980646124595607E0
6.97999999999999954E8	-3.25189186673777719E0
6.99000000000000021E8	-3.25397874415860588E0
7.00000000000000000E8	-3.25606713164613160E0
7.00999999999999979E8	-3.25815706728074472E0
7.02000000000000046E8	-3.26024858905857595E0
7.02999999999999936E8	-3.26234173489585100E0
7.04000000000000092E8	-3.26443654262163552E0
7.04999999999999982E8	-3.26653305001108452E0
7.05999999999999961E8	-3.26863129474359404E0
7.07000000000000028E8	-3.27073131443235177E0
7.08000000000000007E8	-3.27283314661828761E0
7.09000000000000075E8	-3.27493682876339021E0
7.09999999999999964E8	-3.27704239826477517E0
7.10999999999999943E8	-3.27914989243642196E0
7.12000000000000011E8	-3.28125934853968459E0
7.12999999999999989E8	-3.28337080374640244E0
7.14000000000000057E8	-3.28548429517775897E0
7.15000000000000036E8	-3.28759985987351611E0
7.15999999999999925E8	-3.28971753480917339E0
7.16999999999999993E8	-3.29183735689976986E0
7.17999999999999972E8	-3.29395936298449277E0
7.19000000000000039E8	-3.29608358984850369E0
7.20000000000000018E8	-3.29821007420162182E0
7.20999999999999908E8	-3.30033885269898253E0
7.22000000000000064E8	-3.30246996193254416E0
7.22999999999999954E8	-3.30460343842288351E0
7.24000000000000021E8	-3.30673931863787640E0
7.25000000000000000E8	-3.30887763898280163E0
7.25999999999999979E8	-3.31101843580550437E0
7.27000000000000046E8	-3.31316174539557995E0
7.27999999999999936E8	-3.31530760396700952E0
7.29000000000000092E8	-3.31745604770224123E0
7.29999999999999982E8	-3.31960711271079489E0
7.30999999999999961E8	-3.32176083505621911E0
7.32000000000000028E8	-3.32391725073104327E0
7.33000000000000007E8	-3.32607639568039648E0
7.34000000000000075E8	-3.32823830581177438E0
7.34999999999999964E8	-3.33040301694383478E0
7.35999999999999943E8	-3.33257056487512360E0
7.37000000000000011E8	-3.33474098534425067E0
7.37999999999999989E8	-3.33691431401564476E0
7.39000000000000057E8	-3.33909058653825230E0
7.40000000000000036E8	-3.34126983848607040E0
7.40999999999999925E8	-3.34345210539274529E0
7.41999999999999993E8	-3.34563742273661724E0
7.42999999999999972E8	-3.34782582596357425E0
7.44000000000000039E8	-3.35001735044076776E0
7.45000000000000018E8	-3.35221203152849156E0
7.45999999999999908E8	-3.35440990451155097E0
7.47000000000000064E8	-3.35661100463487072E0
7.47999999999999954E8	-3.35881536710178441E0
7.49000000000000021E8	-3.36102302706827460E0
7.50000000000000000E8	-3.36323401964289159E0
7.50999999999999979E8	-3.36544837991333345E0
7.52000000000000046E8	-3.36766614288902089E0
7.52999999999999936E8	-3.36988734355991326E0
7.54000000000000092E8	-3.37211201687212236E0
7.54999999999999982E8	-3.37434019772084826E0
7.55999999999999961E8	-3.37657192097560666E0
7.57000000000000028E8	-3.37880722143817191E0
7.58000000000000007E8	-3.38104613390726572E0
7.59000000000000075E8	-3.38328869311704983E0
7.59999999999999964E8	-3.38553493377953174E0
7.60999999999999943E8	-3.38778489054538579E0
7.62000000000000011E8	-3.39003859805038665E0
7.62999999999999989E8	-3.39229609088439510E0
7.64000000000000057E8	-3.39455740360179226E0
7.65000000000000036E8	-3.39682257071982185E0
7.65999999999999925E8	-3.39909162671571119E0
7.66999999999999993E8	-3.40136460604405677E0
7.67999999999999972E8	-3.40364154311963985E0
7.69000000000000039E8	-3.40592247231137168E0
7.70000000000000018E8	-3.40820742796114384E0
7.70999999999999908E8	-3.41049644440012889E0
7.72000000000000064E8	-3.41278955588927735E0
7.72999999999999954E8	-3.41508679668412851E0
7.74000000000000021E8	-3.41738820100115293E0
7.75000000000000000E8	-3.41969380300989290E0
7.75999999999999979E8	-3.42200363687484543E0
7.77000000000000046E8	-3.42431773671862727E0
7.77999999999999936E8	-3.42663613662618083E0
7.79000000000000092E8	-3.42895887066080007E0
7.79999999999999982E8	-3.43128597285467229E0
7.80999999999999961E8	-3.43361747721804322E0
7.82000000000000028E8	-3.43595341771690599E0
7.83000000000000007E8	-3.43829382830402830E0
7.84000000000000075E8	-3.44063874289137139E0
7.84999999999999964E8	-3.44298819537935596E0
7.85999999999999943E8	-3.44534221962841380E0
7.87000000000000011E8	-3.44770084947482491E0
7.87999999999999989E8	-3.45006411872824037E0
7.89000000000000057E8	-3.45243206118022616E0
7.90000000000000036E8	-3.45480471057653649E0
7.90999999999999925E8	-3.45718210066940834E0
7.91999999999999993E8	-3.45956426516085003E0
7.92999999999999972E8	-3.46195123772620006E0
7.94000000000000039E8	-3.46434305203874127E0
7.95000000000000018E8	-3.46673974172277699E0
7.95999999999999908E8	-3.46914134039385047E0
7.97000000000000064E8	-3.47154788164930794E0
7.97999999999999954E8	-3.47395939903783413E0
7.99000000000000021E8	-3.47637592611316482E0
8.00000000000000000E8	-3.47879749638811564E0
8.00999999999999979E8	-3.48122414336795405E0
8.01999999999999957E8	-3.48365590051785023E0
8.02999999999999936E8	-3.48609280129096355E0
8.04000000000000092E8	-3.48853487912510474E0
8.05000000000000071E8	-3.49098216742285050E0
8.05999999999999872E8	-3.49343469957526898E0
8.07000000000000028E8	-3.49589250894954517E0
8.08000000000000007E8	-3.49835562888908314E0
8.08999999999999986E8	-3.50082409272139472E0
8.09999999999999964E8	-3.50329793375325682E0
8.10999999999999943E8	-3.50577718526110083E0
8.12000000000000099E8	-3.50826188050966481E0
8.12999999999999901E8	-3.51075205275033619E0
8.14000000000000057E8	-3.51324773520350186E0
8.15000000000000036E8	-3.51574896107988932E0
8.16000000000000014E8	-3.51825576355146108E0
8.16999999999999993E8	-3.52076817579356094E0
8.17999999999999972E8	-3.52328623096126003E0
8.19000000000000128E8	-3.52580996215982978E0
8.19999999999999929E8	-3.52833940252375644E0
8.20999999999999908E8	-3.53087458512323416E0
8.22000000000000064E8	-3.53341554302834115E0
8.23000000000000043E8	-3.53596230929831234E0
8.24000000000000021E8	-3.53851491696824016E0
8.25000000000000000E8	-3.54107339905191409E0
8.25999999999999979E8	-3.54363778853891098E0
8.26999999999999957E8	-3.54620811841173511E0
8.27999999999999936E8	-3.54878442163301111E0
8.29000000000000092E8	-3.55136673114110346E0
8.30000000000000071E8	-3.55395507985100423E0
8.30999999999999872E8	-3.55654950067663078E0
8.32000000000000028E8	-3.55915002649554824E0
8.33000000000000007E8	-3.56175669019385666E0
8.33999999999999986E8	-3.56436952459218226E0
8.34999999999999964E8	-3.56698856254308883E0
8.35999999999999943E8	-3.56961383683935995E0
8.37000000000000099E8	-3.57224538029244609E0
8.37999999999999901E8	-3.57488322567239658E0
8.39000000000000057E8	-3.57752740573773043E0
8.40000000000000036E8	-3.58017795321381005E0
8.41000000000000014E8	-3.58283490083739942E0
8.41999999999999993E8	-3.58549828129880632E0
8.42999999999999972E8	-3.58816812727366141E0
8.44000000000000128E8	-3.59084447143879526E0
8.44999999999999929E8	-3.59352734643469418E0
8.45999999999999908E8	-3.59621678487732677E0
8.47000000000000064E8	-3.59891281937748087E0
8.48000000000000043E8	-3.60161548251558150E0
8.49000000000000021E8	-3.60432480686339574E0
8.50000000000000000E8	-3.60704082496042622E0
8.50999999999999979E8	-3.60976356933143228E0
8.51999999999999957E8	-3.61249307249090279E0
8.52999999999999936E8	-3.61522936690981789E0
8.54000000000000092E8	-3.61797248507018399E0
8.55000000000000071E8	-3.62072245939854698E0
8.55999999999999872E8	-3.62347932231481584E0
8.57000000000000028E8	-3.62624310623555868E0
8.58000000000000007E8	-3.62901384353193235E0
8.58999999999999986E8	-3.63179156655713919E0
8.59999999999999964E8	-3.63457630765118322E0
8.60999999999999943E8	-3.63736809911929404E0
8.62000000000000099E8	-3.64016697325055283E0
8.62999999999999901E8	-3.64297296232148504E0
8.64000000000000057E8	-3.64578609856638813E0
8.65000000000000036E8	-3.64860641421045395E0
8.66000000000000014E8	-3.65143394143152555E0
8.66999999999999993E8	-3.65426871242268625E0
8.67999999999999972E8	-3.65711075931029850E0
8.69000000000000128E8	-3.65996011422273382E0
8.69999999999999929E8	-3.66281680925103093E0
8.70999999999999908E8	-3.66568087646433183E0
8.72000000000000064E8	-3.66855234789713558E0
8.73000000000000043E8	-3.67143125557221417E0
8.74000000000000021E8	-3.67431763147198343E0
8.75000000000000000E8	-3.67721150754954529E0
8.75999999999999979E8	-3.68011291574760602E0
8.76999999999999957E8	-3.68302188795306584E0
8.77999999999999936E8	-3.68593845603726944E0
8.79000000000000092E8	-3.68886265184870688E0
8.80000000000000071E8	-3.69179450718989122E0
8.80999999999999872E8	-3.69473405385056619E0
8.82000000000000028E8	-3.69768132356706092E0
8.83000000000000007E8	-3.70063634805600961E0
8.83999999999999986E8	-3.70359915899940617E0
8.84999999999999964E8	-3.70656978804222925E0
8.85999999999999943E8	-3.70954826680901562E0
8.87000000000000099E8	-3.71253462686461511E0
8.87999999999999901E8	-3.71552889975840195E0
8.89000000000000057E8	-3.71853111699138772E0
8.90000000000000036E8	-3.72154131003895117E0
8.91000000000000014E8	-3.72455951033839749E0
8.91999999999999993E8	-3.72758574926968578E0
8.92999999999999972E8	-3.73062005819189668E0
8.94000000000000128E8	-3.73366246842169947E0
8.94999999999999929E8	-3.73671301122269428E0
8.95999999999999908E8	-3.73977171783565110E0
8.97000000000000064E8	-3.74283861944691276E0
8.98000000000000043E8	-3.74591374719294823E0
8.99000000000000021E8	-3.74899713219006969E0
9.00000000000000000E8	-3.75208880548544910E0
9.00999999999999979E8	-3.75518879808755113E0
9.01999999999999957E8	-3.75829714095575040E0
9.02999999999999936E8	-3.76141386501139818E0
9.04000000000000092E8	-3.76453900111863060E0
9.05000000000000071E8	-3.76767258009768513E0
9.05999999999999872E8	-3.77081463270260819E0
9.07000000000000028E8	-3.77396518966322470E0
9.08000000000000007E8	-3.77712428162661373E0
9.08999999999999986E8	-3.78029193920357809E0
9.09999999999999964E8	-3.78346819295340886E0
9.10999999999999943E8	-3.78665307336136792E0
9.12000000000000099E8	-3.78984661086314167E0
9.12999999999999901E8	-3.79304883584223251E0
9.14000000000000057E8	-3.79625977863234043E0
9.15000000000000036E8	-3.79947946948154147E0
9.16000000000000014E8	-3.80270793857321143E0
9.16999999999999993E8	-3.80594521606611647E0
9.17999999999999972E8	-3.80919133200819804E0
9.19000000000000128E8	-3.81244631643046805E0
9.19999999999999929E8	-3.81571019923734367E0
9.20999999999999908E8	-3.81898301033235743E0
9.22000000000000064E8	-3.82226477948328691E0
9.23000000000000043E8	-3.82555553643576296E0
9.24000000000000021E8	-3.82885531084162700E0
9.25000000000000000E8	-3.83216413227622787E0
9.25999999999999979E8	-3.83548203025130485E0
9.26999999999999957E8	-3.83880903419765307E0
9.27999999999999936E8	-3.84214517346397999E0
9.29000000000000092E8	-3.84549047732208304E0
9.30000000000000071E8	-3.84884497495644329E0
9.30999999999999872E8	-3.85220869548199385E0
9.32000000000000028E8	-3.85558166791700518E0
9.33000000000000007E8	-3.85896392119692289E0
9.33999999999999986E8	-3.86235548416284136E0
9.34999999999999964E8	-3.86575638559453250E0
9.35999999999999943E8	-3.86916665413855299E0
9.37000000000000099E8	-3.87258631837599498E0
9.37999999999999901E8	-3.87601540678707002E0
9.39000000000000057E8	-3.87945394776148333E0
9.40000000000000036E8	-3.88290196957127742E0
9.41000000000000014E8	-3.88635950040803824E0
9.41999999999999993E8	-3.88982656835572183E0
9.42999999999999972E8	-3.89330320140180097E0
9.44000000000000128E8	-3.89678942739042711E0
9.44999999999999929E8	-3.90028527411168380E0
9.45999999999999908E8	-3.90379076921297807E0
9.47000000000000064E8	-3.90730594023398314E0
9.48000000000000043E8	-3.91083081461712734E0
9.49000000000000021E8	-3.91436541965231433E0
9.50000000000000000E8	-3.91790978254720423E0
9.50999999999999979E8	-3.92146393038280561E0
9.51999999999999957E8	-3.92502789009597652E0
9.52999999999999936E8	-3.92860168852802349E0
9.54000000000000092E8	-3.93218535236731714E0
9.55000000000000071E8	-3.93577890817821707E0
9.55999999999999872E8	-3.93938238241743122E0
9.57000000000000028E8	-3.94299580138421080E0
9.58000000000000007E8	-3.94661919123192995E0
9.58999999999999986E8	-3.95025257801114282E0
9.59999999999999964E8	-3.95389598759574357E0
9.60999999999999943E8	-3.95754944571952283E0
9.62000000000000099E8	-3.96121297800300765E0
9.62999999999999901E8	-3.96488660988195507E0
9.64000000000000057E8	-3.96857036665009844E0
9.65000000000000036E8	-3.97226427345336131E0
9.66000000000000014E8	-3.97596835527454351E0
9.66999999999999993E8	-3.97968263694605584E0
9.67999999999999972E8	-3.98340714311525623E0
9.69000000000000128E8	-3.98714189829128252E0
9.69999999999999929E8	-3.99088692680233681E0
9.70999999999999908E8	-3.99464225280195473E0
9.72000000000000064E8	-3.99840790027023996E0
9.73000000000000043E8	-4.00218389302514854E0
9.74000000000000021E8	-4.00597025468621037E0
9.75000000000000000E8	-4.00976700869885594E0
9.75999999999999979E8	-4.01357417831888608E0
9.76999999999999957E8	-4.01739178660042651E0
9.77999999999999936E8	-4.02121985643871760E0
9.79000000000000092E8	-4.02505841049988522E0
9.80000000000000071E8	-4.02890747126950899E0
9.80999999999999872E8	-4.03276706102027838E0
9.82000000000000028E8	-4.03663720182506403E0
9.83000000000000007E8	-4.04051791554652961E0
9.83999999999999986E8	-4.04440922383340329E0
9.84999999999999964E8	-4.04831114810972803E0
9.85999999999999943E8	-4.05222370959324962E0
9.87000000000000099E8	-4.05614692928480824E0
9.87999999999999901E8	-4.06008082792570946E0
9.89000000000000057E8	-4.06402542605587591E0
9.90000000000000036E8	-4.06798074397093679E0
9.91000000000000014E8	-4.07194680173032797E0
9.91999999999999993E8	-4.07592361916189549E0
9.92999999999999972E8	-4.07991121580202254E0
9.94000000000000128E8	-4.08390961098735783E0
9.94999999999999929E8	-4.08791882378529614E0
9.95999999999999908E8	-4.09193887298973547E0
9.97000000000000064E8	-4.09596977715434729E0
9.98000000000000043E8	-4.10001155455133048E0
9.99000000000000021E8	-4.10406422318438402E0
1.00000000000000000E9	-4.10812780078173923E0
1.00099999999999989E9	-4.11220230479245963E0
1.00200000000000000E9	-4.11628775238865430E0
1.00299999999999989E9	-4.12038416044480904E0
1.00400000000000000E9	-4.12449154554262698E0
1.00500000000000012E9	-4.12860992396752291E0
1.00599999999999978E9	-4.13273931170780795E0
1.00700000000000012E9	-4.13687972443262986E0
1.00800000000000001E9	-4.14103117751098093E0
1.00899999999999990E9	-4.14519368599344240E0
1.01000000000000001E9	-4.14936726460682781E0
1.01099999999999990E9	-4.15355192774786897E0
1.01200000000000001E9	-4.15774768948493545E0
1.01299999999999990E9	-4.16195456355608773E0
1.01400000000000001E9	-4.16617256334787545E0
1.01500000000000012E9	-4.17040170188996928E0
1.01600000000000001E9	-4.17464199190309948E0
1.01699999999999990E9	-4.17889344569896171E0
1.01800000000000002E9	-4.18315607524684907E0
1.01900000000000013E9	-4.18742989214743044E0
1.02000000000000002E9	-4.19171490764514676E0
1.02099999999999991E9	-4.19601113257033820E0
1.02200000000000002E9	-4.20031857740575632E0
1.02300000000000013E9	-4.20463725219355489E0
1.02400000000000002E9	-4.20896716662630954E0
1.02499999999999991E9	-4.21330832997952687E0
1.02600000000000002E9	-4.21766075109362415E0
1.02699999999999991E9	-4.22202443844834541E0
1.02800000000000002E9	-4.22639940004198422E0
1.02900000000000014E9	-4.23078564350551822E0
1.03000000000000003E9	-4.23518317597192961E0
1.03099999999999992E9	-4.23959200417561455E0
1.03200000000000003E9	-4.24401213441374026E0
1.03299999999999992E9	-4.24844357249988214E0
1.03400000000000003E9	-4.25288632379870712E0
1.03499999999999992E9	-4.25734039323387492E0
1.03600000000000003E9	-4.26180578520906650E0
1.03700000000000014E9	-4.26628250369120909E0
1.03799999999999981E9	-4.27077055214047174E0
1.03900000000000015E9	-4.27526993353578799E0
1.04000000000000004E9	-4.27978065032248889E0
1.04099999999999993E9	-4.28430270448568962E0
1.04200000000000004E9	-4.28883609747386352E0
1.04299999999999993E9	-4.29338083019741212E0
1.04400000000000004E9	-4.29793690307655396E0
1.04499999999999993E9	-4.30250431595274563E0
1.04599999999999982E9	-4.30708306814637609E0
1.04700000000000015E9	-4.31167315841773924E0
1.04800000000000004E9	-4.31627458496883420E0
1.04899999999999993E9	-4.32088734545496322E0
1.05000000000000004E9	-4.32551143692070550E0
1.05099999999999993E9	-4.33014685584019610E0
1.05200000000000005E9	-4.33479359809677245E0
1.05299999999999994E9	-4.33945165900832919E0
1.05400000000000005E9	-4.34412103320054932E0
1.05500000000000016E9	-4.34880171477723554E0
1.05599999999999983E9	-4.35349369716141776E0
1.05699999999999994E9	-4.35819697315011645E0
1.05800000000000005E9	-4.36291153491114869E0
1.05899999999999994E9	-4.36763737394056495E0
1.06000000000000005E9	-4.37237448111975446E0
1.06099999999999994E9	-4.37712284659984618E0
1.06200000000000006E9	-4.38188245989155156E0
1.06299999999999994E9	-4.38665330984435098E0
1.06400000000000006E9	-4.39143538453087423E0
1.06499999999999995E9	-4.39622867139631524E0
1.06600000000000006E9	-4.40103315714137899E0
1.06699999999999995E9	-4.40584882773133923E0
1.06800000000000006E9	-4.41067566841864078E0
1.06900000000000017E9	-4.41551366371023413E0
1.06999999999999984E9	-4.42036279734215398E0
1.07099999999999995E9	-4.42522305229640267E0
1.07200000000000006E9	-4.43009441078849964E0
1.07299999999999995E9	-4.43497685424633126E0
1.07400000000000007E9	-4.43987036329049811E0
1.07499999999999996E9	-4.44477491776114597E0
1.07600000000000007E9	-4.44969049667115346E0
1.07699999999999996E9	-4.45461707821972119E0
1.07799999999999985E9	-4.45955463972869648E0
1.07900000000000018E9	-4.46450315772391271E0
1.08000000000000007E9	-4.46946260786501881E0
1.08099999999999996E9	-4.47443296491066356E0
1.08200000000000007E9	-4.47941420276103841E0
1.08299999999999996E9	-4.48440629444179439E0
1.08400000000000007E9	-4.48940921206351451E0
1.08499999999999996E9	-4.49442292679083000E0
1.08599999999999985E9	-4.49944740891277117E0
1.08700000000000019E9	-4.50448262776652442E0
1.08799999999999986E9	-4.50952855171748990E0
1.08899999999999997E9	-4.51458514819372692E0
1.09000000000000008E9	-4.51965238364985211E0
1.09099999999999997E9	-4.52473022354779797E0
1.09200000000000008E9	-4.52981863234518123E0
1.09299999999999997E9	-4.53491757351055824E0
1.09400000000000008E9	-4.54002700947563653E0
1.09499999999999997E9	-4.54514690164530588E0
1.09599999999999986E9	-4.55027721038743937E0
1.09699999999999998E9	-4.55541789496099891E0
1.09800000000000009E9	-4.56056891361142114E0
1.09899999999999998E9	-4.56573022348105440E0
1.10000000000000009E9	-4.57090178058008956E0
1.10099999999999998E9	-4.57608353985671723E0
1.10199999999999987E9	-4.58127545509377843E0
1.10299999999999998E9	-4.58647747895737545E0
1.10400000000000009E9	-4.59168956294879571E0
1.10499999999999998E9	-4.59691165741802710E0
1.10599999999999987E9	-4.60214371149688262E0
1.10699999999999998E9	-4.60738567316595926E0
1.10800000000000010E9	-4.61263748917478011E0
1.10899999999999999E9	-4.61789910505369861E0
1.10999999999999988E9	-4.62317046509115936E0
1.11099999999999999E9	-4.62845151235259689E0
1.11200000000000010E9	-4.63374218857283537E0
1.11299999999999999E9	-4.63904243427154572E0
1.11400000000000010E9	-4.64435218862668275E0
1.11499999999999999E9	-4.64967138953154802E0
1.11600000000000010E9	-4.65499997355919337E0
1.11699999999999999E9	-4.66033787590639559E0
1.11799999999999988E9	-4.66568503042775529E0
1.11900000000000022E9	-4.67104136963293026E0
1.11999999999999988E9	-4.67640682460587165E0
1.12100000000000000E9	-4.68178132504101363E0
1.12200000000000011E9	-4.68716479922288976E0
1.12300000000000000E9	-4.69255717398877792E0
1.12400000000000011E9	-4.69795837474203637E0
1.12500000000000000E9	-4.70336832538025362E0
1.12599999999999989E9	-4.70878694835506728E0
1.12700000000000000E9	-4.71421416460754727E0
1.12799999999999989E9	-4.71964989354475328E0
1.12900000000000000E9	-4.72509405305434260E0
1.13000000000000012E9	-4.73054655949736791E0
1.13099999999999978E9	-4.73600732763887500E0
1.13200000000000012E9	-4.74147627064314481E0
1.13300000000000001E9	-4.74695330010795935E0
1.13399999999999990E9	-4.75243832601098060E0
1.13500000000000001E9	-4.75793125668101968E0
1.13599999999999990E9	-4.76343199879555090E0
1.13700000000000001E9	-4.76894045734583116E0
1.13799999999999990E9	-4.77445653567805106E0
1.13900000000000001E9	-4.77998013539990385E0
1.14000000000000012E9	-4.78551115640645985E0
1.14100000000000001E9	-4.79104949685306991E0
1.14199999999999990E9	-4.79659505312330658E0
1.14300000000000002E9	-4.80214771983601985E0
1.14400000000000013E9	-4.80770738980871215E0
1.14500000000000002E9	-4.81327395404593439E0
1.14599999999999991E9	-4.81884730170840125E0
1.14700000000000002E9	-4.82442732016223097E0
1.14800000000000013E9	-4.83001389480481969E0
1.14900000000000002E9	-4.83560690923515413E0
1.14999999999999991E9	-4.84120624511605602E0
1.15100000000000002E9	-4.84681178216247055E0
1.15199999999999991E9	-4.85242339815824675E0
1.15300000000000002E9	-4.85804096893696169E0
1.15400000000000014E9	-4.86366436836492255E0
1.15500000000000003E9	-4.86929346823924902E0
1.15599999999999992E9	-4.87492813840721873E0
1.15700000000000003E9	-4.88056824664930389E0
1.15799999999999992E9	-4.88621365868327384E0
1.15900000000000003E9	-4.89186423814248261E0
1.15999999999999992E9	-4.89751984656999184E0
1.16100000000000003E9	-4.90318034339926356E0
1.16200000000000014E9	-4.90884558591202147E0
1.16299999999999981E9	-4.91451542926030172E0
1.16400000000000015E9	-4.92018972638289398E0
1.16500000000000004E9	-4.92586832802503682E0
1.16599999999999993E9	-4.93155108276122167E0
1.16700000000000004E9	-4.93723783686385165E0
1.16799999999999993E9	-4.94292843439634666E0
1.16900000000000004E9	-4.94862271715192037E0
1.16999999999999993E9	-4.95432052458401895E0
1.17099999999999982E9	-4.96002169386902825E0
1.17200000000000015E9	-4.96572605984748705E0
1.17300000000000004E9	-4.97143345497465816E0
1.17399999999999993E9	-4.97714370934283146E0
1.17500000000000004E9	-4.98285665067833605E0
1.17599999999999993E9	-4.98857210425041142E0
1.17700000000000005E9	-4.99428989293660219E0
1.17799999999999994E9	-5.00000983711046931E0
1.17900000000000005E9	-5.00573175471259990E0
1.18000000000000016E9	-5.01145546117860352E0
1.18099999999999983E9	-5.01718076939266044E0
1.18199999999999994E9	-5.02290748976858481E0
1.18300000000000005E9	-5.02863543012638559E0
1.18399999999999994E9	-5.03436439571837546E0
1.18500000000000005E9	-5.04009418919101559E0
1.18599999999999994E9	-5.04582461060617149E0
1.18700000000000006E9	-5.05155545737706912E0
1.18799999999999994E9	-5.05728652427420755E0
1.18900000000000006E9	-5.06301760336860607E0
1.18999999999999995E9	-5.06874848407735357E0
1.19100000000000006E9	-5.07447895307477559E0
1.19199999999999995E9	-5.08020879435566730E0
1.19300000000000006E9	-5.08593778910199656E0
1.19400000000000017E9	-5.09166571576636073E0
1.19499999999999984E9	-5.09739235002943403E0
1.19599999999999995E9	-5.10311746470788741E0
1.19700000000000006E9	-5.10884082988202870E0
1.19799999999999995E9	-5.11456221270765177E0
1.19900000000000007E9	-5.12028137755477974E0
1.19999999999999996E9	-5.12599808583752647E0
1.20100000000000007E9	-5.13171209614511259E0
1.20199999999999996E9	-5.13742316409525657E0
1.20299999999999985E9	-5.14313104244113894E0
1.20400000000000018E9	-5.14883548091795706E0
1.20500000000000007E9	-5.15453622634985198E0
1.20599999999999996E9	-5.16023302252537253E0
1.20700000000000007E9	-5.16592561030332931E0
1.20799999999999996E9	-5.17161372745833869E0
1.20900000000000007E9	-5.17729710880675764E0
1.20999999999999996E9	-5.18297548601194968E0
1.21099999999999985E9	-5.18864858779674609E0
1.21200000000000019E9	-5.19431613971043937E0
1.21299999999999986E9	-5.19997786425860564E0
1.21399999999999997E9	-5.20563348082593969E0
1.21500000000000008E9	-5.21128270565060348E0
1.21599999999999997E9	-5.21692525187594747E0
1.21700000000000008E9	-5.22256082947666211E0
1.21799999999999997E9	-5.22818914522705569E0
1.21900000000000008E9	-5.23380990278395686E0
1.21999999999999997E9	-5.23942280257489923E0
1.22099999999999986E9	-5.24502754183753339E0
1.22199999999999998E9	-5.25062381459285721E0
1.22300000000000009E9	-5.25621131162543964E0
1.22399999999999998E9	-5.26178972049177407E0
1.22500000000000009E9	-5.26735872548373685E0
1.22599999999999998E9	-5.27291800769349273E0
1.22699999999999987E9	-5.27846724482941543E0
1.22799999999999998E9	-5.28400611144937571E0
1.22900000000000009E9	-5.28953427872196791E0
1.22999999999999998E9	-5.29505141459004935E0
1.23099999999999987E9	-5.30055718364992767E0
1.23199999999999998E9	-5.30605124720888988E0
1.23300000000000010E9	-5.31153326323741037E0
1.23399999999999999E9	-5.31700288639159080E0
1.23499999999999988E9	-5.32245976802218834E0
1.23599999999999999E9	-5.32790355610808142E0
1.23700000000000010E9	-5.33333389528116353E0
1.23799999999999999E9	-5.33875042687583878E0
1.23900000000000010E9	-5.34415278883726064E0
1.23999999999999999E9	-5.34954061577753137E0
1.24100000000000010E9	-5.35491353897084998E0
1.24199999999999999E9	-5.36027118628048882E0
1.24299999999999988E9	-5.36561318230063566E0
1.24400000000000022E9	-5.37093914821367413E0
1.24499999999999988E9	-5.37624870186236858E0
1.24600000000000000E9	-5.38154145773903458E0
1.24700000000000011E9	-5.38681702698599807E0
1.24800000000000000E9	-5.39207501740407658E0
1.24900000000000011E9	-5.39731503344870944E0
1.25000000000000000E9	-5.40253667622659606E0
1.25099999999999989E9	-5.40773954353207031E0
1.25200000000000000E9	-5.41292322982854568E0
1.25299999999999989E9	-5.41808732622010858E0
1.25400000000000000E9	-5.42323142057321661E0
1.25500000000000012E9	-5.42835509739298505E0
1.25599999999999978E9	-5.43345793793228360E0
1.25700000000000012E9	-5.43853952011178787E0
1.25800000000000001E9	-5.44359941864163588E0
1.25899999999999990E9	-5.44863720493039860E0
1.26000000000000001E9	-5.45365244718798348E0
1.26099999999999990E9	-5.45864471029943310E0
1.26200000000000001E9	-5.46361355606607901E0
1.26299999999999990E9	-5.46855854302315514E0
1.26400000000000001E9	-5.47347922647584362E0
1.26500000000000012E9	-5.47837515869010616E0
1.26600000000000001E9	-5.48324588869442664E0
1.26699999999999990E9	-5.48809096241966721E0
1.26800000000000002E9	-5.49290992271928591E0
1.26900000000000013E9	-5.49770230936161308E0
1.27000000000000002E9	-5.50246765907163038E0
1.27099999999999991E9	-5.50720550552297627E0
1.27200000000000002E9	-5.51191537939848963E0
1.27300000000000013E9	-5.51659680845153488E0
1.27400000000000002E9	-5.52124931741892588E0
1.27499999999999991E9	-5.52587242820579227E0
1.27600000000000002E9	-5.53046565974338566E0
1.27699999999999991E9	-5.53502852822415115E0
1.27800000000000002E9	-5.53956054692342192E0
1.27900000000000014E9	-5.54406122642738008E0
1.28000000000000003E9	-5.54853007451127223E0
1.28099999999999992E9	-5.55296659626716060E0
1.28199999999999981E9	-5.55737029413048145E0
1.28300000000000014E9	-5.56174066791412880E0
1.28400000000000003E9	-5.56607721482151874E0
1.28499999999999992E9	-5.57037942955482102E0
1.28600000000000003E9	-5.57464680428790960E0
1.28699999999999992E9	-5.57887882873817631E0
1.28800000000000003E9	-5.58307499027053211E0
1.28900000000000015E9	-5.58723477383229561E0
1.29000000000000004E9	-5.59135766212804608E0
1.29099999999999993E9	-5.59544313555125594E0
1.29199999999999982E9	-5.59949067234217868E0
1.29300000000000015E9	-5.60349974857285105E0
1.29400000000000004E9	-5.60746983824229517E0
1.29499999999999993E9	-5.61140041330476258E0
1.29599999999999982E9	-5.61529094370608828E0
1.29699999999999993E9	-5.61914089757516688E0
1.29800000000000004E9	-5.62294974113286017E0
1.29899999999999993E9	-5.62671693875567591E0
1.30000000000000004E9	-5.63044195318242924E0
1.30099999999999993E9	-5.63412424552319280E0
1.30200000000000005E9	-5.63776327516255282E0
1.30300000000000016E9	-5.64135850008927342E0
1.30400000000000005E9	-5.64490937682915916E0
1.30500000000000016E9	-5.64841536046274317E0
1.30599999999999983E9	-5.65187590484540614E0
1.30699999999999994E9	-5.65529046252446488E0
1.30800000000000027E9	-5.65865848504514357E0
1.30899999999999994E9	-5.66197942268571452E0
1.31000000000000005E9	-5.66525272488728060E0
1.31099999999999994E9	-5.66847784012501599E0
1.31199999999999983E9	-5.67165421603055631E0
1.31300000000000017E9	-5.67478129952010324E0
1.31400000000000006E9	-5.67785853685305320E0
1.31499999999999995E9	-5.68088537373670910E0
1.31600000000000006E9	-5.68386125534018571E0
1.31699999999999973E9	-5.68678562650695696E0
1.31800000000000006E9	-5.68965793177964585E0
1.31900000000000017E9	-5.69247761542610142E0
1.31999999999999984E9	-5.69524412173678130E0
1.32099999999999995E9	-5.69795689482263157E0
1.32199999999999984E9	-5.70061537903543680E0
1.32299999999999995E9	-5.70321901884388183E0
1.32400000000000007E9	-5.70576725898604220E0
1.32499999999999996E9	-5.70825954465741159E0
1.32600000000000007E9	-5.71069532143201553E0
1.32699999999999996E9	-5.71307403557281734E0
1.32800000000000007E9	-5.71539513406501865E0
1.32900000000000018E9	-5.71765806463508142E0
1.33000000000000007E9	-5.71986227591632890E0
1.33099999999999996E9	-5.72200721764129305E0
1.33199999999999985E9	-5.72409234066649208E0
1.33300000000000018E9	-5.72611709705165772E0
1.33400000000000007E9	-5.72808094024967929E0
1.33499999999999996E9	-5.72998332522233067E0
1.33599999999999985E9	-5.73182370851612255E0
1.33699999999999997E9	-5.73360154835474667E0
1.33800000000000008E9	-5.73531630483637223E0
1.33899999999999997E9	-5.73696743998586633E0
1.34000000000000008E9	-5.73855441794085941E0
1.34099999999999997E9	-5.74007670496145828E0
1.34199999999999986E9	-5.74153376967874962E0
1.34300000000000019E9	-5.74292508315683747E0
1.34400000000000008E9	-5.74425011900386639E0
1.34499999999999997E9	-5.74550835351562394E0
1.34599999999999986E9	-5.74669926580244095E0
1.34699999999999998E9	-5.74782233791581731E0
1.34800000000000009E9	-5.74887705500988666E0
1.34899999999999998E9	-5.74986290538736000E0
1.35000000000000009E9	-5.75077938063223648E0
1.35099999999999998E9	-5.75162597591072533E0
1.35199999999999987E9	-5.75240218982303908E0
1.35300000000000020E9	-5.75310752479808318E0
1.35400000000000009E9	-5.75374148704432109E0
1.35499999999999998E9	-5.75430358671913211E0
1.35599999999999987E9	-5.75479333814492655E0
1.35699999999999976E9	-5.75521025982879575E0
1.35800000000000010E9	-5.75555387467691393E0
1.35899999999999999E9	-5.75582371009395821E0
1.35999999999999988E9	-5.75601929807462032E0
1.36099999999999999E9	-5.75614017540504364E0
1.36199999999999988E9	-5.75618588377051843E0
1.36299999999999999E9	-5.75615596988791811E0
1.36400000000000010E9	-5.75604998557001757E0
1.36499999999999999E9	-5.75586748799383852E0
1.36600000000000010E9	-5.75560803972878610E0
1.36699999999999977E9	-5.75527120889894572E0
1.36800000000000010E9	-5.75485656930952860E0
1.36900000000000022E9	-5.75436370052950785E0
1.36999999999999988E9	-5.75379218821164518E0
1.37100000000000000E9	-5.75314162393676387E0
1.37199999999999989E9	-5.75241160553685571E0
1.37300000000000000E9	-5.75160173716779610E0
1.37400000000000011E9	-5.75071162949762371E0
1.37500000000000000E9	-5.74974089971735758E0
1.37599999999999989E9	-5.74868917176373984E0
1.37700000000000000E9	-5.74755607639388089E0
1.37800000000000011E9	-5.74634125127936279E0
1.37900000000000000E9	-5.74504434129459085E0
1.38000000000000012E9	-5.74366499842577660E0
1.38099999999999978E9	-5.74220288197435202E0
1.38199999999999990E9	-5.74065765874976019E0
1.38300000000000023E9	-5.73902900310870479E0
1.38399999999999990E9	-5.73731659708555686E0
1.38500000000000001E9	-5.73552013047694853E0
1.38599999999999990E9	-5.73363930103933139E0
1.38700000000000001E9	-5.73167381451953695E0
1.38800000000000012E9	-5.72962338484786482E0
1.38900000000000001E9	-5.72748773413036893E0
1.39000000000000012E9	-5.72526659288941620E0
1.39100000000000001E9	-5.72295970006164190E0
1.39199999999999990E9	-5.72056680316750299E0
1.39300000000000024E9	-5.71808765838287059E0
1.39400000000000013E9	-5.71552203064330477E0
1.39500000000000002E9	-5.71286969375698472E0
1.39599999999999991E9	-5.71013043050000313E0
1.39699999999999980E9	-5.70730403264447972E0
1.39800000000000013E9	-5.70439030121288759E0
1.39900000000000002E9	-5.70138904632377486E0
1.39999999999999991E9	-5.69830008754101769E0
1.40100000000000002E9	-5.69512325373009709E0
1.40199999999999991E9	-5.69185838331499827E0
1.40300000000000002E9	-5.68850532426393229E0
1.40400000000000014E9	-5.68506393417554001E0
1.40500000000000003E9	-5.68153408034852347E0
1.40599999999999992E9	-5.67791563992268156E0
1.40699999999999981E9	-5.67420849987593634E0
1.40800000000000014E9	-5.67041255704040736E0
1.40900000000000003E9	-5.66652771837221714E0
1.40999999999999992E9	-5.66255390074207732E0
1.41100000000000003E9	-5.65849103122097485E0
1.41199999999999992E9	-5.65433904701309054E0
1.41300000000000003E9	-5.65009789548225960E0
1.41400000000000015E9	-5.64576753433025846E0
1.41500000000000004E9	-5.64134793156913261E0
1.41599999999999993E9	-5.63683906550902236E0
1.41699999999999982E9	-5.63224092482962124E0
1.41800000000000015E9	-5.62755350876261051E0
1.41900000000000004E9	-5.62277682689370728E0
1.41999999999999993E9	-5.61791089932225418E0
1.42099999999999982E9	-5.61295575667414148E0
1.42199999999999993E9	-5.60791144015206822E0
1.42300000000000004E9	-5.60277800148989868E0
1.42399999999999993E9	-5.59755550298045446E0
1.42500000000000004E9	-5.59224401755713352E0
1.42599999999999993E9	-5.58684362877181329E0
1.42700000000000005E9	-5.58135443071901971E0
1.42800000000000016E9	-5.57577652821891157E0
1.42900000000000005E9	-5.57011003663735771E0
1.43000000000000016E9	-5.56435508195237905E0
1.43099999999999983E9	-5.55851180081504470E0
1.43199999999999994E9	-5.55258034041427706E0
1.43300000000000027E9	-5.54656085858288961E0
1.43399999999999994E9	-5.54045352375208022E0
1.43500000000000005E9	-5.53425851482572817E0
1.43599999999999994E9	-5.52797602128972088E0
1.43699999999999983E9	-5.52160624317352422E0
1.43800000000000017E9	-5.51514939095240919E0
1.43900000000000006E9	-5.50860568555495256E0
1.43999999999999995E9	-5.50197535829298179E0
1.44100000000000006E9	-5.49525865093370758E0
1.44199999999999973E9	-5.48845581550259620E0
1.44300000000000006E9	-5.48156711436137289E0
1.44400000000000017E9	-5.47459282010225756E0
1.44499999999999984E9	-5.46753321548946314E0
1.44599999999999995E9	-5.46038859344753913E0
1.44699999999999984E9	-5.45315925693923198E0
1.44799999999999995E9	-5.44584551897472036E0
1.44900000000000007E9	-5.43844770254239407E0
1.44999999999999996E9	-5.43096614045227266E0
1.45100000000000007E9	-5.42340117537948352E0
1.45199999999999996E9	-5.41575315970800375E0
1.45300000000000007E9	-5.40802245552576277E0
1.45400000000000018E9	-5.40020943447079205E0
1.45500000000000007E9	-5.39231447772349881E0
1.45599999999999996E9	-5.38433797585445184E0
1.45699999999999985E9	-5.37628032880157392E0
1.45800000000000018E9	-5.36814194573110370E0
1.45900000000000007E9	-5.35992324495411143E0
1.45999999999999996E9	-5.35162465387179243E0
1.46099999999999985E9	-5.34324660881156888E0
1.46199999999999997E9	-5.33478955497669638E0
1.46300000000000008E9	-5.32625394635977933E0
1.46399999999999997E9	-5.31764024551901571E0
1.46500000000000008E9	-5.30894892368231019E0
1.46599999999999997E9	-5.30018046040070612E0
1.46699999999999986E9	-5.29133534360762070E0
1.46800000000000019E9	-5.28241406949816827E0
1.46900000000000008E9	-5.27341714221351143E0
1.46999999999999997E9	-5.26434507405430541E0
1.47099999999999986E9	-5.25519838503196279E0
1.47199999999999998E9	-5.24597760296660809E0
1.47300000000000009E9	-5.23668326330416622E0
1.47399999999999998E9	-5.22731590891834230E0
1.47500000000000009E9	-5.21787609009942699E0
1.47599999999999998E9	-5.20836436432637750E0
1.47699999999999987E9	-5.19878129620430585E0
1.47800000000000020E9	-5.18912745727763891E0
1.47900000000000009E9	-5.17940342596307701E0
1.47999999999999998E9	-5.16960978736659360E0
1.48099999999999987E9	-5.15974713317158962E0
1.48199999999999976E9	-5.14981606142226589E0
1.48300000000000010E9	-5.13981717649873904E0
1.48399999999999999E9	-5.12975108895653431E0
1.48499999999999988E9	-5.11961841532228057E0
1.48599999999999999E9	-5.10941977796341362E0
1.48699999999999988E9	-5.09915580501566978E0
1.48799999999999999E9	-5.08882713018821242E0
1.48900000000000010E9	-5.07843439262915375E0
1.48999999999999999E9	-5.06797823672689063E0
1.49100000000000010E9	-5.05745931206540345E0
1.49199999999999977E9	-5.04687827320474547E0
1.49300000000000010E9	-5.03623577955077639E0
1.49400000000000022E9	-5.02553249523522894E0
1.49499999999999988E9	-5.01476908892524342E0
1.49600000000000000E9	-5.00394623370645064E0
1.49699999999999989E9	-4.99306460691906828E0
1.49800000000000000E9	-4.98212489000823755E0
1.49900000000000011E9	-4.97112776837203540E0
1.50000000000000000E9	-4.96007393126278195E0


